0.018748
0.317078
0.343465
0.108958
0.041260
0.062398
0.024038
0.005483
0.001984
0.000621
0.001984
0.000051
0.018331
0.001373
0.000397
0.000682
0.052714
0.000000
0.000000
0.000000
0.000305
0.000000
0.000000
0.000000
0.000000
0.000000
0.000000
0.000000
0.000132
0.000000
0.000000
0.000000
0.000000
0.000000
0.000000
0.000000
0.183065
0.022980
0.010620
0.009806
0.023010
0.037893
0.036774
0.007853
0.134288
0.000000
0.037760
0.000000
0.427043
0.000285
0.060455
0.000000
0.008108
0.000000
0.000000
0.000000
0.000000
0.000000
0.000000
0.000000
0.000000
0.000000
0.000000
0.000000
0.000041
0.000000
0.000000
0.000000
0.000020
0.000000
0.000000
0.000000
0.102488
0.002604
0.001394
0.003316
0.013774
0.027578
0.018016
0.008362
0.003387
0.003103
0.009318
0.000895
0.007314
0.001261
0.000234
0.000071
0.013916
0.000326
0.000010
0.000000
0.003642
0.000000
0.000000
0.000000
0.236359
0.000000
0.011444
0.000000
0.306580
0.221975
0.002513
0.000000
0.000122
0.000000
0.000000
0.000000
0.274272
0.011180
0.006083
0.004018
0.003764
0.004903
0.007782
0.008626
0.002848
0.001617
0.003794
0.000926
0.007467
0.007070
0.001129
0.000000
0.035695
0.005107
0.000977
0.000000
0.030324
0.000000
0.000264
0.000000
0.020518
0.000000
0.000061
0.000000
0.112417
0.392965
0.043844
0.012268
0.000081
0.000000
0.000000
0.000000
0.022786
0.003255
0.004415
0.004415
0.004608
0.003611
0.001383
0.000285
0.011770
0.010559
0.015727
0.011129
0.002258
0.000285
0.000041
0.000000
0.001607
0.000000
0.000000
0.000000
0.212301
0.013102
0.002574
0.000000
0.116404
0.079183
0.003937
0.000000
0.060801
0.408274
0.005056
0.000142
0.000092
0.000000
0.000000
0.000000
0.009125
0.000163
0.000234
0.000702
0.000285
0.000041
0.000010
0.000000
0.000488
0.000020
0.001231
0.000234
0.000254
0.000163
0.000671
0.000081
0.003153
0.004150
0.032817
0.046672
0.019694
0.001556
0.005442
0.000071
0.009084
0.003174
0.000020
0.000000
0.437174
0.333425
0.089071
0.000000
0.000549
0.000000
0.000244
0.000000
0.038239
0.012054
0.008230
0.021189
0.076172
0.039225
0.011749
0.005636
0.002106
0.000061
0.000804
0.000000
0.005717
0.000468
0.000244
0.000000
0.002218
0.000010
0.000020
0.000000
0.481618
0.000000
0.052073
0.000000
0.159332
0.000010
0.010559
0.000000
0.055288
0.016195
0.000773
0.000000
0.000010
0.000000
0.000000
0.000000
0.023010
0.017181
0.081533
0.054718
0.031301
0.011129
0.031342
0.007050
0.001404
0.001923
0.000631
0.000448
0.001394
0.000885
0.000010
0.000000
0.003530
0.006866
0.000000
0.000000
0.148275
0.000244
0.000031
0.000000
0.451558
0.000020
0.000275
0.000000
0.116201
0.000610
0.007629
0.000000
0.000763
0.000031
0.000010
0.000000
0.136983
0.005107
0.000885
0.000712
0.001444
0.001414
0.002096
0.000295
0.026082
0.011098
0.033447
0.044729
0.000041
0.000000
0.000000
0.000000
0.000000
0.000000
0.000000
0.000000
0.000010
0.000000
0.000000
0.000000
0.000092
0.091227
0.000000
0.000000
0.070455
0.565287
0.005239
0.000000
0.003235
0.000081
0.000041
0.000000
0.014811
0.001984
0.005717
0.018107
0.011230
0.009359
0.010132
0.004079
0.006938
0.003398
0.000661
0.000081
0.000153
0.000000
0.000010
0.000000
0.004201
0.000682
0.000000
0.000000
0.112386
0.000376
0.000041
0.000000
0.061035
0.002370
0.000051
0.000000
0.107849
0.613861
0.009226
0.000000
0.001261
0.000000
0.000000
0.000000
0.384613
0.111918
0.001343
0.001180
0.001444
0.002970
0.003896
0.000000
0.037872
0.004049
0.024516
0.014954
0.017914
0.002279
0.030640
0.000020
0.005829
0.000031
0.007629
0.000000
0.011698
0.000000
0.002635
0.000000
0.000417
0.000000
0.000000
0.000000
0.262136
0.038605
0.022522
0.000000
0.003398
0.000376
0.005117
0.000000
0.375610
0.051371
0.011607
0.003703
0.004791
0.004333
0.008545
0.005717
0.004435
0.007629
0.009674
0.009816
0.002655
0.000112
0.000641
0.000000
0.014587
0.001851
0.001190
0.000905
0.224274
0.001658
0.013062
0.000041
0.042094
0.000000
0.000000
0.000000
0.155691
0.034698
0.004313
0.000010
0.003174
0.000041
0.001770
0.000000
0.047791
0.056753
0.020152
0.009206
0.010783
0.091268
0.229187
0.009471
0.003713
0.000000
0.000000
0.000000
0.085612
0.000000
0.000946
0.000000
0.225901
0.000000
0.000824
0.000000
0.145691
0.000000
0.000529
0.000000
0.000000
0.000000
0.000000
0.000000
0.055756
0.006083
0.000092
0.000000
0.000244
0.000000
0.000000
0.000000
0.035472
0.005127
0.013295
0.013336
0.003652
0.001831
0.031047
0.000580
0.005778
0.001383
0.037201
0.006846
0.010590
0.003153
0.005269
0.000590
0.019501
0.009715
0.007416
0.005798
0.300598
0.001597
0.009379
0.000000
0.059448
0.000051
0.001973
0.000000
0.040293
0.368266
0.000712
0.000000
0.000102
0.000000
0.000000
0.000000
0.207326
0.146240
0.116679
0.040212
0.018199
0.021790
0.108653
0.012431
0.021434
0.001811
0.025350
0.001038
0.019287
0.001424
0.000203
0.000000
0.033773
0.000570
0.000376
0.000000
0.090047
0.000173
0.017741
0.000000
0.001160
0.000000
0.000000
0.000000
0.079163
0.034546
0.000061
0.000000
0.000315
0.000000
0.000000
0.000000
0.005768
0.208954
0.240580
0.058217
0.017904
0.004415
0.003916
0.001872
0.023295
0.000437
0.000010
0.000000
0.146830
0.000031
0.000000
0.000000
0.139394
0.000000
0.000000
0.000000
0.074819
0.000000
0.000000
0.000000
0.000000
0.000000
0.000000
0.000000
0.073537
0.000010
0.000000
0.000000
0.000010
0.000000
0.000000
0.000000
0.070953
0.015116
0.015961
0.019796
0.050028
0.129832
0.056274
0.008199
0.083567
0.000092
0.007406
0.000000
0.254384
0.007487
0.039022
0.000000
0.006032
0.005168
0.000183
0.000000
0.001343
0.000041
0.000000
0.000000
0.000000
0.000000
0.000000
0.000000
0.175507
0.052338
0.001251
0.000000
0.000020
0.000000
0.000000
0.000000
0.134501
0.011424
0.005066
0.007446
0.008158
0.009674
0.003560
0.003581
0.009939
0.002035
0.004679
0.001841
0.032522
0.006195
0.014323
0.001780
0.017548
0.002645
0.020050
0.006917
0.058421
0.000000
0.196086
0.000000
0.000000
0.000000
0.000000
0.000000
0.079498
0.333598
0.013275
0.014048
0.001149
0.000031
0.000010
0.000000
0.084167
0.015788
0.003021
0.001475
0.003255
0.084707
0.008575
0.000295
0.012644
0.010773
0.108154
0.060018
0.016500
0.001668
0.004608
0.000000
0.022695
0.006460
0.005107
0.000000
0.020813
0.001851
0.162008
0.000000
0.011017
0.015055
0.000000
0.000000
0.007945
0.326853
0.003510
0.000000
0.000600
0.000000
0.000437
0.000000
0.160634
0.254842
0.013621
0.006694
0.004669
0.002584
0.005280
0.000610
0.042887
0.025269
0.056580
0.006276
0.043711
0.000193
0.002726
0.000000
0.067922
0.000000
0.000041
0.000000
0.290934
0.000000
0.002431
0.000000
0.000356
0.000000
0.000000
0.000000
0.011546
0.000000
0.000000
0.000000
0.000193
0.000000
0.000000
0.000000
0.069468
0.104584
0.045268
0.018250
0.016276
0.036469
0.035329
0.010722
0.005758
0.000275
0.000071
0.000000
0.073883
0.000315
0.000061
0.000000
0.019501
0.000000
0.000000
0.000000
0.156952
0.000000
0.000000
0.000000
0.001455
0.000000
0.000000
0.000000
0.405172
0.000000
0.000081
0.000000
0.000112
0.000000
0.000000
0.000000
0.138234
0.053487
0.012889
0.008514
0.039185
0.076314
0.047160
0.004486
0.000905
0.000173
0.000417
0.000763
0.084768
0.114827
0.000844
0.000000
0.036031
0.028280
0.001017
0.000000
0.000254
0.000000
0.000000
0.000000
0.002187
0.000000
0.000000
0.000000
0.031433
0.317647
0.000173
0.000000
0.000010
0.000000
0.000000
0.000000
0.017334
0.002686
0.006042
0.015940
0.014618
0.012695
0.001048
0.000254
0.001607
0.000020
0.002065
0.000000
0.004730
0.003764
0.018860
0.011108
0.003367
0.004618
0.002146
0.022603
0.000549
0.000295
0.000010
0.000000
0.000173
0.000020
0.000000
0.000000
0.536194
0.316538
0.000671
0.000000
0.000041
0.000000
0.000000
0.000000
0.031779
0.015188
0.063059
0.052236
0.006551
0.010518
0.085520
0.003225
0.001302
0.002014
0.001465
0.004466
0.001912
0.000122
0.000448
0.000010
0.003113
0.001495
0.002645
0.001312
0.045512
0.000071
0.000193
0.000000
0.013580
0.006856
0.000000
0.000000
0.545827
0.099528
0.000000
0.000000
0.000051
0.000000
0.000000
0.000000
0.265951
0.085042
0.133809
0.032247
0.017466
0.017426
0.020365
0.006470
0.133698
0.000081
0.000702
0.000000
0.038767
0.000112
0.000498
0.000000
0.019999
0.000000
0.000000
0.000000
0.216329
0.000000
0.005656
0.000000
0.000000
0.000000
0.000000
0.000000
0.004333
0.000000
0.000000
0.000000
0.001048
0.000000
0.000000
0.000000
0.267161
0.088053
0.076487
0.104441
0.111694
0.005249
0.019918
0.013855
0.001872
0.000010
0.000112
0.000000
0.027313
0.000254
0.000102
0.000000
0.039113
0.000000
0.000163
0.000000
0.208455
0.000000
0.002472
0.000000
0.000580
0.000000
0.000000
0.000000
0.028564
0.003031
0.001078
0.000000
0.000020
0.000000
0.000000
0.000000
0.140737
0.012105
0.046000
0.020630
0.003479
0.018656
0.013845
0.000061
0.020264
0.014730
0.032267
0.119954
0.042338
0.000010
0.000061
0.000000
0.017375
0.000000
0.000000
0.000000
0.205882
0.000000
0.000102
0.000000
0.000000
0.000000
0.000000
0.000000
0.243642
0.019816
0.021881
0.000000
0.005595
0.000305
0.000264
0.000000
0.020009
0.008443
0.007385
0.007507
0.008586
0.023997
0.018606
0.004089
0.001414
0.000081
0.000875
0.000376
0.008046
0.001088
0.000061
0.000000
0.003510
0.000163
0.000000
0.000000
0.000000
0.000000
0.000000
0.000000
0.000000
0.000000
0.000000
0.000000
0.300669
0.381154
0.199331
0.004242
0.000295
0.000000
0.000071
0.000000
0.045990
0.015004
0.004059
0.004435
0.014750
0.076182
0.005005
0.001129
0.043264
0.005707
0.044006
0.022268
0.077891
0.004435
0.001027
0.000000
0.228465
0.000936
0.000895
0.000000
0.044169
0.000010
0.000814
0.000000
0.000661
0.000000
0.000000
0.000000
0.005076
0.352122
0.000000
0.000000
0.001170
0.000519
0.000010
0.000000
0.056325
0.073486
0.086070
0.066783
0.033101
0.007985
0.027964
0.006317
0.448456
0.000519
0.009145
0.000000
0.078664
0.000682
0.001516
0.000132
0.000041
0.000061
0.000000
0.000000
0.000000
0.000000
0.000000
0.000000
0.000010
0.000000
0.000000
0.000000
0.092916
0.000000
0.000000
0.000000
0.009827
0.000000
0.000000
0.000000
0.065491
0.011241
0.008138
0.008606
0.009511
0.028880
0.064738
0.015839
0.002706
0.000183
0.000661
0.000000
0.035634
0.005157
0.001221
0.000000
0.006704
0.000010
0.000061
0.000000
0.001577
0.000000
0.000000
0.000000
0.030223
0.000000
0.000000
0.000000
0.354045
0.293630
0.055715
0.000000
0.000031
0.000000
0.000000
0.000000
0.044596
0.014374
0.010162
0.004374
0.044108
0.174693
0.290812
0.007741
0.000458
0.000000
0.000000
0.000000
0.317373
0.000112
0.007558
0.000000
0.028534
0.000010
0.001139
0.000000
0.000132
0.000000
0.000010
0.000000
0.000000
0.000000
0.000000
0.000000
0.051514
0.000000
0.002299
0.000000
0.000000
0.000000
0.000000
0.000000
0.148631
0.058004
0.017944
0.012705
0.011678
0.012044
0.238169
0.006378
0.002543
0.000173
0.000061
0.000000
0.043020
0.009593
0.001231
0.000000
0.106099
0.203644
0.000458
0.000000
0.091207
0.003438
0.000366
0.000000
0.001444
0.000000
0.000000
0.000000
0.029856
0.001190
0.000031
0.000000
0.000092
0.000000
0.000000
0.000000
0.098541
0.018656
0.010284
0.009328
0.006083
0.005514
0.278290
0.021881
0.049530
0.004364
0.105042
0.000000
0.007334
0.000326
0.000031
0.000000
0.221639
0.000153
0.000010
0.000000
0.153992
0.000112
0.000000
0.000000
0.005259
0.000000
0.000000
0.000000
0.003286
0.000000
0.000000
0.000000
0.000346
0.000000
0.000000
0.000000
0.128062
0.089925
0.158661
0.133545
0.061584
0.090505
0.018117
0.008901
0.015188
0.001099
0.011861
0.008413
0.009369
0.002462
0.000946
0.002177
0.015045
0.001984
0.000305
0.000326
0.163442
0.000610
0.000214
0.000000
0.009013
0.000000
0.000000
0.000000
0.043762
0.020304
0.000000
0.000000
0.003052
0.000214
0.000916
0.000000
0.104675
0.011678
0.012075
0.011159
0.008443
0.006134
0.043833
0.014058
0.001221
0.000000
0.000031
0.000000
0.105143
0.116160
0.002360
0.000000
0.167959
0.064779
0.002035
0.000010
0.174500
0.004486
0.016052
0.000000
0.007721
0.000509
0.000000
0.000000
0.007395
0.117523
0.000010
0.000000
0.000051
0.000000
0.000000
0.000000
0.017242
0.801239
0.017395
0.001383
0.001404
0.001383
0.008311
0.008830
0.000010
0.000000
0.000000
0.000000
0.001119
0.000000
0.000000
0.000000
0.003459
0.000000
0.000000
0.000000
0.072540
0.000000
0.000000
0.000000
0.001160
0.000000
0.000000
0.000000
0.056753
0.007426
0.000346
0.000000
0.000000
0.000000
0.000000
0.000000
0.026683
0.009471
0.064097
0.160238
0.102580
0.004100
0.002207
0.003784
0.000071
0.000000
0.000000
0.000000
0.010183
0.013560
0.000092
0.000000
0.047516
0.001628
0.008321
0.000000
0.208323
0.000173
0.000041
0.000000
0.002238
0.000000
0.000000
0.000000
0.238627
0.085938
0.010061
0.000000
0.000071
0.000000
0.000000
0.000000
0.129374
0.086843
0.051351
0.047455
0.083608
0.053894
0.170441
0.008077
0.000519
0.000000
0.000020
0.000000
0.019165
0.000997
0.016774
0.000631
0.061747
0.003316
0.028961
0.010701
0.177480
0.000142
0.001434
0.000000
0.017944
0.000000
0.000000
0.000000
0.026927
0.000793
0.001363
0.000000
0.000041
0.000000
0.000000
0.000000
0.017344
0.021088
0.072815
0.036316
0.010122
0.003347
0.001516
0.000254
0.010081
0.004150
0.003540
0.000020
0.011627
0.000295
0.000020
0.000000
0.019480
0.000000
0.000000
0.000000
0.074066
0.000000
0.000000
0.000000
0.169128
0.000000
0.000000
0.000000
0.544281
0.000071
0.000214
0.000000
0.000193
0.000031
0.000000
0.000000
0.012004
0.022746
0.040232
0.042267
0.020335
0.014628
0.020030
0.004598
0.007965
0.000275
0.000051
0.000000
0.001272
0.000183
0.000092
0.000000
0.001719
0.000712
0.000203
0.000000
0.001343
0.000010
0.000000
0.000000
0.001617
0.000000
0.000000
0.000000
0.621674
0.184021
0.001801
0.000000
0.000214
0.000010
0.000000
0.000000
0.497742
0.009755
0.007874
0.007151
0.009349
0.007324
0.010824
0.011220
0.018524
0.001923
0.013794
0.000844
0.001587
0.000010
0.000051
0.000000
0.000183
0.000000
0.000000
0.000000
0.003387
0.000000
0.002665
0.000000
0.040222
0.000000
0.275859
0.000000
0.060781
0.000264
0.017181
0.000000
0.001485
0.000000
0.000000
0.000000
0.217346
0.107931
0.014760
0.007222
0.006724
0.004822
0.004435
0.005463
0.001699
0.000000
0.000000
0.000000
0.068522
0.000092
0.032135
0.000000
0.241811
0.006887
0.046875
0.035492
0.141764
0.000010
0.000305
0.000000
0.019257
0.000000
0.000000
0.000000
0.033773
0.000417
0.002045
0.000000
0.000214
0.000000
0.000000
0.000000
0.048350
0.265127
0.071482
0.115682
0.008931
0.011241
0.013112
0.006449
0.014140
0.000000
0.001617
0.000000
0.006632
0.000000
0.001404
0.000000
0.000051
0.000000
0.000000
0.000000
0.000000
0.000000
0.000000
0.000000
0.000000
0.000000
0.000000
0.000000
0.435618
0.000000
0.000122
0.000000
0.000041
0.000000
0.000000
0.000000
0.023244
0.031281
0.008423
0.014394
0.011251
0.010478
0.004333
0.002014
0.000895
0.000285
0.000020
0.000000
0.009491
0.000651
0.000498
0.000061
0.034139
0.008993
0.000478
0.000000
0.024872
0.000142
0.000020
0.000000
0.003571
0.001567
0.000010
0.000000
0.335358
0.473490
0.000041
0.000000
0.000000
0.000000
0.000000
0.000000
0.660329
0.003581
0.002177
0.003347
0.004425
0.005686
0.012970
0.009694
0.016032
0.007355
0.026571
0.016947
0.002289
0.000793
0.000488
0.000163
0.000966
0.000020
0.000051
0.000000
0.171549
0.000000
0.000132
0.000000
0.003611
0.000000
0.000031
0.000000
0.037465
0.005992
0.000366
0.000000
0.006948
0.000020
0.000000
0.000000
0.801473
0.039246
0.025136
0.023661
0.013295
0.007355
0.012634
0.006948
0.004161
0.000366
0.000020
0.000000
0.003469
0.001211
0.000051
0.000000
0.000010
0.000000
0.000000
0.000000
0.000000
0.000000
0.000000
0.000000
0.000000
0.000000
0.000000
0.000000
0.051381
0.008403
0.000163
0.000000
0.001017
0.000000
0.000000
0.000000
0.122172
0.016602
0.010447
0.009094
0.015991
0.012726
0.016347
0.010335
0.115733
0.004191
0.049947
0.001109
0.031728
0.002299
0.017537
0.000010
0.058736
0.000010
0.000743
0.000000
0.228271
0.000000
0.028595
0.000000
0.000020
0.000000
0.000000
0.000000
0.136241
0.082581
0.024353
0.000153
0.004028
0.000000
0.000000
0.000000
0.007172
0.004181
0.035278
0.180298
0.305308
0.211466
0.030090
0.004374
0.001333
0.000895
0.001058
0.000051
0.003469
0.000661
0.001678
0.000010
0.006714
0.005086
0.004181
0.009705
0.000366
0.000132
0.000000
0.000000
0.000000
0.000000
0.000000
0.000000
0.124715
0.022146
0.030192
0.007975
0.001261
0.000041
0.000163
0.000000
0.052622
0.012573
0.027415
0.039490
0.007477
0.002869
0.003082
0.000916
0.003764
0.000366
0.007121
0.000010
0.014394
0.001567
0.033010
0.000824
0.076243
0.010559
0.020091
0.049856
0.177327
0.003204
0.000092
0.000000
0.002075
0.011119
0.000010
0.000000
0.044088
0.397736
0.000041
0.000000
0.000061
0.000000
0.000000
0.000000
0.023448
0.027985
0.133677
0.134104
0.096120
0.101756
0.045197
0.003560
0.000702
0.000000
0.000020
0.000000
0.003245
0.001160
0.000488
0.000000
0.017100
0.018422
0.002350
0.000000
0.004130
0.000000
0.000000
0.000000
0.035177
0.000000
0.000000
0.000000
0.316844
0.033651
0.000814
0.000000
0.000051
0.000000
0.000000
0.000000
0.002523
0.000946
0.001088
0.001170
0.002167
0.001923
0.001455
0.000295
0.005595
0.010498
0.012065
0.049245
0.000753
0.000071
0.000092
0.000000
0.000478
0.000010
0.000010
0.000000
0.057943
0.115906
0.012594
0.000020
0.114909
0.069936
0.282918
0.000010
0.014140
0.016307
0.208801
0.011983
0.001404
0.002736
0.000010
0.000000
0.084279
0.001567
0.001882
0.001404
0.001322
0.001129
0.001424
0.001027
0.012604
0.008189
0.105082
0.029592
0.007792
0.000153
0.003367
0.000000
0.008820
0.000000
0.002207
0.000000
0.245992
0.008789
0.216054
0.000305
0.011353
0.238281
0.000356
0.000000
0.002757
0.002411
0.000173
0.000000
0.001088
0.000153
0.000448
0.000000
0.300466
0.008820
0.005178
0.004669
0.004547
0.004527
0.145243
0.007751
0.007792
0.006358
0.035360
0.032878
0.003428
0.000000
0.000946
0.000000
0.006348
0.000031
0.000407
0.000000
0.121999
0.001017
0.043345
0.000000
0.009033
0.100586
0.000071
0.000000
0.000946
0.148081
0.000051
0.000000
0.000122
0.000000
0.000000
0.000000
0.439891
0.026754
0.001740
0.001129
0.000132
0.000010
0.000020
0.000000
0.018280
0.000000
0.000112
0.000000
0.010305
0.000163
0.006714
0.000214
0.037476
0.010020
0.051971
0.047963
0.315053
0.000000
0.031179
0.000000
0.000000
0.000000
0.000000
0.000000
0.000417
0.000000
0.000000
0.000000
0.000458
0.000000
0.000000
0.000000
0.136495
0.012705
0.003774
0.002625
0.003011
0.004374
0.001902
0.001068
0.001149
0.000000
0.000051
0.000000
0.004262
0.000834
0.002797
0.000010
0.047740
0.023448
0.005005
0.008698
0.332967
0.000448
0.022959
0.000000
0.001333
0.000000
0.000000
0.000000
0.021810
0.360260
0.000000
0.000000
0.000275
0.000000
0.000000
0.000000
0.211466
0.041199
0.003215
0.003479
0.002441
0.003184
0.006541
0.003316
0.023773
0.000153
0.002116
0.000000
0.393799
0.002116
0.033641
0.001587
0.024699
0.005768
0.003815
0.018392
0.030385
0.000031
0.000153
0.000000
0.002065
0.000173
0.000010
0.000000
0.046000
0.134705
0.001750
0.000000
0.000031
0.000000
0.000000
0.000000
0.029175
0.044576
0.044545
0.017568
0.024078
0.010874
0.026632
0.009471
0.000651
0.000000
0.000000
0.000000
0.009206
0.000987
0.000102
0.000000
0.006938
0.000203
0.000071
0.000000
0.004303
0.000183
0.000600
0.000000
0.028442
0.000000
0.000000
0.000000
0.220286
0.513865
0.000977
0.006215
0.000051
0.000000
0.000000
0.000000
0.060099
0.003448
0.003245
0.002502
0.002218
0.006510
0.020416
0.004700
0.003387
0.000000
0.002441
0.000000
0.006307
0.001851
0.032511
0.018077
0.010712
0.004679
0.004415
0.024648
0.428070
0.000621
0.006348
0.000000
0.003306
0.000000
0.000000
0.000000
0.031016
0.308675
0.007497
0.002157
0.000142
0.000000
0.000000
0.000000
0.060608
0.010254
0.003347
0.003906
0.004456
0.003398
0.337646
0.004323
0.002777
0.000000
0.000010
0.000000
0.078389
0.008016
0.019623
0.005686
0.062164
0.003225
0.032003
0.000539
0.153788
0.013275
0.155436
0.000000
0.000264
0.000010
0.000000
0.000000
0.030507
0.005259
0.001048
0.000000
0.000041
0.000000
0.000000
0.000000
0.091614
0.021739
0.011800
0.008962
0.007446
0.007100
0.030101
0.008626
0.030355
0.008209
0.016795
0.003316
0.033641
0.012665
0.001394
0.000000
0.060964
0.005941
0.003469
0.000000
0.188141
0.001322
0.009257
0.000000
0.125610
0.000000
0.011678
0.000000
0.267049
0.000193
0.032501
0.000000
0.000112
0.000000
0.000000
0.000000
0.018667
0.004110
0.003265
0.005290
0.012309
0.015218
0.084666
0.002441
0.013021
0.003103
0.020243
0.002014
0.003988
0.000407
0.000376
0.000000
0.002228
0.000417
0.000112
0.000000
0.112895
0.001485
0.020660
0.000000
0.046712
0.231588
0.000092
0.000000
0.229075
0.165344
0.000071
0.000000
0.000203
0.000000
0.000000
0.000000
0.180532
0.023641
0.024902
0.019694
0.017944
0.013865
0.025380
0.011495
0.027598
0.012756
0.026632
0.021464
0.004435
0.000041
0.000244
0.000000
0.001455
0.000000
0.000041
0.000000
0.084340
0.000000
0.004069
0.000000
0.041809
0.000000
0.000346
0.000000
0.309814
0.144175
0.003225
0.000000
0.000102
0.000000
0.000000
0.000000
0.016012
0.080577
0.116343
0.059621
0.037028
0.006510
0.005615
0.005585
0.001282
0.000000
0.000051
0.000000
0.342244
0.000031
0.000173
0.000000
0.100840
0.000010
0.000000
0.000000
0.147451
0.000081
0.000010
0.000000
0.003581
0.000000
0.000000
0.000000
0.074921
0.002024
0.000010
0.000000
0.000000
0.000000
0.000000
0.000000
0.359670
0.164764
0.105570
0.054443
0.031189
0.025645
0.013357
0.004323
0.031047
0.000173
0.004384
0.000010
0.049774
0.016429
0.013357
0.002502
0.010986
0.000132
0.000509
0.000000
0.043732
0.000000
0.000020
0.000000
0.007955
0.000122
0.000000
0.000000
0.038025
0.021657
0.000102
0.000000
0.000122
0.000000
0.000000
0.000000
0.054820
0.020365
0.050425
0.075816
0.023122
0.108521
0.101440
0.009430
0.023570
0.009155
0.055644
0.015940
0.014231
0.000570
0.000041
0.000000
0.006968
0.000000
0.000000
0.000000
0.153147
0.000051
0.001007
0.000000
0.014170
0.000000
0.000000
0.000000
0.045685
0.210907
0.001689
0.000000
0.002553
0.000132
0.000600
0.000000
0.011912
0.006073
0.054820
0.110107
0.098195
0.094493
0.033091
0.006571
0.017548
0.013102
0.000020
0.000000
0.137716
0.181824
0.000366
0.000000
0.086711
0.001272
0.000000
0.000000
0.013794
0.000000
0.000000
0.000000
0.000000
0.000000
0.000000
0.000000
0.081370
0.019073
0.031769
0.000010
0.000163
0.000000
0.000000
0.000000
0.035838
0.002096
0.003164
0.011973
0.012929
0.005768
0.004222
0.001261
0.006226
0.001251
0.036631
0.004262
0.007222
0.001485
0.009104
0.000081
0.006704
0.003001
0.003448
0.000081
0.254883
0.004740
0.000275
0.000000
0.010376
0.018860
0.000468
0.000000
0.020467
0.522878
0.007629
0.002248
0.000366
0.000000
0.000061
0.000000
0.245229
0.007151
0.004659
0.006602
0.005961
0.005941
0.074961
0.033386
0.021108
0.013875
0.055939
0.032338
0.011302
0.000621
0.004232
0.000224
0.013560
0.000264
0.000397
0.000071
0.367452
0.048981
0.040670
0.000000
0.002319
0.000000
0.000000
0.000000
0.001506
0.000153
0.000000
0.000000
0.001027
0.000020
0.000051
0.000000
0.132233
0.016307
0.007517
0.005280
0.006460
0.005157
0.099121
0.171458
0.011302
0.001638
0.011739
0.000488
0.006765
0.001780
0.001038
0.000000
0.169291
0.239237
0.000224
0.000000
0.091349
0.006582
0.005280
0.000000
0.000203
0.000000
0.000000
0.000000
0.008484
0.000000
0.000000
0.000000
0.001068
0.000000
0.000000
0.000000
0.045878
0.003418
0.001902
0.002411
0.002757
0.002350
0.129313
0.257965
0.017924
0.013947
0.062815
0.009888
0.004506
0.000183
0.000804
0.000000
0.004893
0.000010
0.000102
0.000000
0.408285
0.000488
0.017812
0.000000
0.008362
0.000000
0.000387
0.000000
0.002981
0.000000
0.000020
0.000000
0.000600
0.000000
0.000000
0.000000
0.121714
0.010315
0.003621
0.003174
0.003937
0.010905
0.355835
0.040955
0.011027
0.000000
0.004934
0.000000
0.010671
0.002218
0.040415
0.002879
0.115306
0.000112
0.000397
0.000031
0.175842
0.000000
0.001455
0.000000
0.000203
0.000000
0.000000
0.000000
0.022715
0.042938
0.017883
0.000000
0.000519
0.000000
0.000000
0.000000
0.292257
0.171346
0.019358
0.017802
0.019063
0.018341
0.023600
0.006276
0.001292
0.000193
0.000000
0.000000
0.015432
0.000020
0.000000
0.000000
0.010783
0.000000
0.000000
0.000000
0.027374
0.000000
0.000000
0.000000
0.001078
0.000000
0.000000
0.000000
0.374634
0.000376
0.000539
0.000000
0.000234
0.000000
0.000000
0.000000
0.104279
0.001465
0.000966
0.001414
0.001821
0.003448
0.120402
0.008403
0.009664
0.000946
0.034810
0.000000
0.003276
0.000224
0.007782
0.000041
0.004028
0.001414
0.005910
0.000193
0.245219
0.006287
0.102641
0.000000
0.000987
0.005168
0.000000
0.000000
0.027507
0.286235
0.013062
0.000295
0.002004
0.000041
0.000071
0.000000
0.147257
0.003652
0.001699
0.001617
0.002014
0.002675
0.010244
0.003886
0.006989
0.006175
0.012970
0.015849
0.002177
0.000193
0.000732
0.000000
0.004669
0.000570
0.000509
0.000000
0.220551
0.001363
0.143819
0.000000
0.001628
0.055684
0.000000
0.000000
0.002736
0.348612
0.000193
0.000000
0.001434
0.000031
0.000071
0.000000
0.076558
0.035166
0.019114
0.008382
0.001872
0.000702
0.000458
0.004323
0.018738
0.015462
0.026011
0.061086
0.218842
0.000010
0.001231
0.000000
0.141917
0.000000
0.001638
0.000000
0.261719
0.000000
0.091614
0.000000
0.010020
0.000000
0.000000
0.000000
0.005086
0.000000
0.000000
0.000000
0.000031
0.000000
0.000020
0.000000
0.038615
0.017883
0.004852
0.000529
0.000366
0.000387
0.000559
0.000783
0.000031
0.000000
0.000000
0.000000
0.001363
0.000844
0.002726
0.000559
0.007487
0.014323
0.012105
0.064087
0.828349
0.000000
0.001638
0.000000
0.000376
0.000000
0.000000
0.000000
0.002136
0.000000
0.000000
0.000000
0.000000
0.000000
0.000000
0.000000
0.052348
0.004740
0.006388
0.014089
0.011373
0.004913
0.005076
0.005157
0.014740
0.004303
0.036906
0.001444
0.018097
0.001556
0.004486
0.000051
0.007924
0.003418
0.015177
0.005483
0.153381
0.001963
0.166768
0.000000
0.016795
0.000529
0.049672
0.000000
0.029266
0.344676
0.006612
0.012278
0.000366
0.000000
0.000020
0.000000
0.019063
0.050415
0.018361
0.003398
0.002268
0.002635
0.005534
0.008789
0.443685
0.000010
0.000875
0.000000
0.075684
0.004079
0.018097
0.002920
0.005859
0.019623
0.001851
0.023031
0.000142
0.000000
0.000000
0.000000
0.000112
0.000000
0.000000
0.000000
0.206828
0.061890
0.024556
0.000000
0.000295
0.000000
0.000000
0.000000
0.050781
0.006897
0.005910
0.008301
0.038096
0.040090
0.043640
0.003398
0.004506
0.000722
0.003357
0.000000
0.080963
0.005381
0.200205
0.000163
0.016886
0.002757
0.004049
0.000000
0.001506
0.000000
0.000305
0.000000
0.000621
0.005066
0.000000
0.000000
0.009847
0.466512
0.000000
0.000000
0.000031
0.000010
0.000000
0.000000
0.015289
0.011180
0.007497
0.004812
0.007090
0.014679
0.043437
0.009237
0.011831
0.002523
0.005666
0.001638
0.821971
0.004985
0.002472
0.000000
0.002482
0.000000
0.000000
0.000000
0.000519
0.000000
0.000000
0.000000
0.000000
0.000000
0.000000
0.000000
0.032104
0.000092
0.000051
0.000000
0.000366
0.000000
0.000081
0.000000
0.073568
0.076314
0.067596
0.026479
0.005686
0.002482
0.009226
0.007009
0.011108
0.000132
0.000163
0.000000
0.189270
0.003794
0.000041
0.000000
0.045512
0.000000
0.000092
0.000000
0.245524
0.000000
0.000315
0.000000
0.001760
0.000000
0.000000
0.000000
0.209300
0.000468
0.024139
0.000000
0.000020
0.000000
0.000000
0.000000
0.268311
0.016744
0.004578
0.003031
0.002492
0.002441
0.005005
0.003245
0.001261
0.000193
0.003153
0.003123
0.031545
0.005442
0.020264
0.001617
0.132772
0.019836
0.001790
0.000000
0.207143
0.000061
0.002370
0.000000
0.004476
0.000000
0.000010
0.000000
0.023875
0.234426
0.000773
0.000000
0.000020
0.000000
0.000000
0.000000
0.161407
0.058136
0.043589
0.022196
0.012126
0.016123
0.243785
0.013763
0.017120
0.000010
0.000254
0.000000
0.275665
0.000631
0.017487
0.000000
0.056376
0.000010
0.000987
0.000000
0.029460
0.000000
0.000488
0.000000
0.000153
0.000000
0.000000
0.000000
0.007456
0.022400
0.000285
0.000000
0.000092
0.000000
0.000000
0.000000
0.053884
0.068685
0.032542
0.024465
0.059672
0.259633
0.177582
0.007884
0.024577
0.116892
0.000142
0.000000
0.006521
0.035177
0.000773
0.000000
0.001719
0.001272
0.000071
0.000000
0.000946
0.000000
0.000000
0.000000
0.000844
0.000000
0.000000
0.000000
0.124247
0.001200
0.000824
0.000000
0.000448
0.000000
0.000000
0.000000
0.053172
0.167552
0.156464
0.039571
0.142914
0.315643
0.066844
0.007202
0.004354
0.002319
0.000854
0.000051
0.010610
0.000153
0.000356
0.000000
0.000020
0.000000
0.000000
0.000000
0.000000
0.000000
0.000000
0.000000
0.000000
0.000000
0.000000
0.000000
0.031230
0.000000
0.000000
0.000000
0.000580
0.000051
0.000061
0.000000
0.099172
0.053396
0.011505
0.006063
0.007721
0.038116
0.352743
0.016591
0.007243
0.000000
0.000000
0.000000
0.065125
0.000193
0.002187
0.000000
0.231415
0.000203
0.018351
0.000000
0.030172
0.000000
0.003153
0.000000
0.000244
0.000000
0.000000
0.000000
0.031809
0.004232
0.016978
0.000366
0.002960
0.000051
0.000010
0.000000
0.089783
0.033529
0.032430
0.046356
0.062663
0.038544
0.119751
0.008433
0.049662
0.011464
0.082163
0.006571
0.010111
0.000020
0.000163
0.000000
0.013000
0.000142
0.000254
0.000000
0.097036
0.003398
0.000285
0.000000
0.006236
0.000020
0.000000
0.000000
0.213837
0.072581
0.000000
0.000000
0.001567
0.000000
0.000000
0.000000
0.355703
0.010539
0.006907
0.008931
0.009125
0.010101
0.033213
0.014526
0.026947
0.009471
0.031708
0.002838
0.301483
0.014252
0.003082
0.000000
0.035634
0.000132
0.000641
0.000000
0.079926
0.000000
0.000936
0.000000
0.009837
0.000000
0.000000
0.000000
0.012380
0.021505
0.000031
0.000000
0.000153
0.000000
0.000000
0.000000
0.023905
0.063171
0.067200
0.020477
0.015615
0.076894
0.101369
0.006989
0.012156
0.003632
0.002635
0.001740
0.025920
0.003286
0.000264
0.000010
0.001760
0.001099
0.000498
0.000010
0.027791
0.000000
0.000010
0.000000
0.114868
0.000000
0.000214
0.000000
0.348419
0.053589
0.025899
0.000000
0.000580
0.000000
0.000000
0.000000
0.076670
0.046621
0.060069
0.033834
0.014343
0.016174
0.135590
0.055471
0.138357
0.008759
0.052124
0.003011
0.173553
0.010976
0.000092
0.000000
0.016012
0.001312
0.000071
0.000000
0.128937
0.000051
0.000275
0.000000
0.006287
0.000000
0.000000
0.000000
0.004751
0.013702
0.000173
0.000000
0.002136
0.000051
0.000600
0.000000
0.073334
0.023875
0.011047
0.006541
0.005351
0.013509
0.020823
0.007497
0.069173
0.001129
0.008097
0.000000
0.231405
0.011098
0.018422
0.000041
0.069265
0.000031
0.005778
0.000000
0.030029
0.000000
0.001872
0.000000
0.000244
0.000000
0.000000
0.000000
0.049967
0.288086
0.027618
0.024994
0.000773
0.000000
0.000000
0.000000
0.163727
0.015584
0.009267
0.008952
0.007528
0.012380
0.063772
0.008636
0.017385
0.001048
0.001353
0.000000
0.406138
0.040171
0.005839
0.000000
0.022308
0.002289
0.007802
0.000000
0.038839
0.000000
0.004384
0.000000
0.004690
0.000000
0.000000
0.000000
0.047282
0.109599
0.000773
0.000000
0.000214
0.000010
0.000031
0.000000
0.116028
0.001546
0.000966
0.001434
0.001587
0.005747
0.081156
0.008769
0.006846
0.006897
0.063436
0.057078
0.141378
0.029612
0.002248
0.000000
0.149384
0.061228
0.000956
0.000000
0.035431
0.000010
0.010895
0.000000
0.008087
0.000071
0.000020
0.000000
0.031067
0.177511
0.000193
0.000000
0.000407
0.000010
0.000000
0.000000
0.034078
0.000692
0.000458
0.000509
0.000804
0.000753
0.001577
0.001740
0.004771
0.012410
0.003581
0.004395
0.002350
0.051646
0.000529
0.005208
0.003286
0.002309
0.000722
0.000000
0.564484
0.062764
0.218486
0.000102
0.003469
0.001882
0.000417
0.000000
0.008962
0.003062
0.004272
0.000000
0.000285
0.000000
0.000000
0.000000
0.158630
0.010356
0.004252
0.004893
0.005758
0.005554
0.280070
0.057912
0.326385
0.005971
0.000559
0.000000
0.104360
0.012329
0.001343
0.000000
0.005900
0.000081
0.000153
0.000000
0.000020
0.000000
0.000000
0.000000
0.000000
0.000000
0.000000
0.000000
0.003754
0.011475
0.000000
0.000000
0.000244
0.000000
0.000000
0.000000
0.540090
0.154215
0.009908
0.007690
0.013947
0.018422
0.053721
0.015920
0.042267
0.000000
0.000000
0.000000
0.139862
0.000000
0.000000
0.000000
0.002604
0.000000
0.000000
0.000000
0.000224
0.000000
0.000000
0.000000
0.000010
0.000000
0.000000
0.000000
0.001119
0.000000
0.000000
0.000000
0.000000
0.000000
0.000000
0.000000
0.022308
0.041270
0.051066
0.047048
0.019918
0.002960
0.001658
0.000315
0.000651
0.000041
0.000437
0.000000
0.004964
0.000590
0.006317
0.001709
0.039459
0.007741
0.010946
0.030304
0.099630
0.003560
0.000193
0.000000
0.112132
0.013255
0.000092
0.000000
0.395386
0.025899
0.042063
0.018077
0.000010
0.000000
0.000000
0.000000
0.041158
0.010020
0.004100
0.003428
0.009430
0.179799
0.116302
0.006409
0.000285
0.000000
0.000549
0.000000
0.002309
0.000000
0.001404
0.000000
0.000804
0.000000
0.000092
0.000000
0.002207
0.000000
0.000071
0.000000
0.000875
0.000000
0.000061
0.000000
0.323222
0.297312
0.000163
0.000000
0.000000
0.000000
0.000000
0.000000
0.094238
0.019318
0.026611
0.022614
0.018728
0.009389
0.007151
0.005442
0.034281
0.000722
0.012492
0.000570
0.039368
0.000793
0.000010
0.000000
0.111654
0.000061
0.000010
0.000000
0.077789
0.000000
0.003876
0.000000
0.000905
0.000000
0.000000
0.000000
0.140808
0.369385
0.001373
0.000000
0.002065
0.000214
0.000132
0.000000
