0.042421
0.016614
0.095426
0.039978
0.002896
0.005215
0.022344
0.001268
0.013646
0.031640
0.027075
0.005267
0.021736
0.010007
0.006833
0.000680
0.001226
0.001628
0.001175
0.161964
0.008997
0.009234
0.002041
0.006029
0.005514
0.001948
0.001433
0.001433
0.003504
0.000041
0.000062
0.002649
0.052521
0.031197
0.006173
0.025292
0.009234
0.006369
0.000660
0.000917
0.001762
0.000907
0.053418
0.004741
0.005390
0.025034
0.002278
0.007369
0.099136
0.031032
0.084646
0.046121
0.015830
0.067795
0.042854
0.002700
0.006926
0.016974
0.001670
0.012357
0.035516
0.027384
0.006524
0.015635
0.012739
0.007647
0.000825
0.001443
0.001474
0.001082
0.145638
0.008595
0.009956
0.004092
0.006472
0.005545
0.004061
0.001721
0.001752
0.003453
0.000082
0.000072
0.004267
0.069815
0.038669
0.008286
0.016686
0.010554
0.009750
0.000855
0.001103
0.001958
0.001330
0.070598
0.004710
0.006627
0.018077
0.002618
0.007019
0.078915
0.035052
0.098178
0.027343
0.007802
0.063044
0.026930
0.001515
0.003401
0.013944
0.000557
0.013120
0.027538
0.019757
0.003051
0.013048
0.008297
0.003824
0.000309
0.000608
0.000660
0.000423
0.137661
0.006019
0.006689
0.001989
0.003978
0.003113
0.001639
0.000587
0.000505
0.001505
0.000021
0.000021
0.001690
0.101929
0.031671
0.004586
0.014254
0.006545
0.004246
0.000350
0.000464
0.000886
0.000340
0.070052
0.003143
0.003453
0.014480
0.001762
0.004514
0.072216
0.045729
0.218793
0.033949
0.013738
0.047512
0.032104
0.002628
0.005122
0.012852
0.001041
0.009451
0.025838
0.021994
0.005029
0.012460
0.009482
0.005431
0.000484
0.001206
0.001206
0.001175
0.128571
0.007050
0.006720
0.002886
0.004494
0.004030
0.003020
0.001587
0.001463
0.002319
0.000041
0.000052
0.002669
0.120336
0.030929
0.006307
0.013213
0.007822
0.006184
0.000701
0.000814
0.001350
0.000835
0.081234
0.004535
0.004329
0.014346
0.001958
0.005452
0.058870
0.056448
0.176732
0.033547
0.015006
0.038329
0.030661
0.003205
0.005638
0.011522
0.001443
0.008410
0.027013
0.022859
0.005060
0.010533
0.008266
0.005782
0.000701
0.001371
0.001062
0.001000
0.114575
0.007122
0.007472
0.002855
0.004195
0.003793
0.002638
0.001865
0.001371
0.002195
0.000093
0.000082
0.002484
0.112947
0.036979
0.007091
0.011234
0.007431
0.006534
0.000721
0.001092
0.001278
0.000907
0.089438
0.005318
0.005246
0.012306
0.002226
0.004689
0.050233
0.065136
0.197046
0.013357
0.006153
0.023601
0.024447
0.001000
0.002494
0.006277
0.000670
0.004370
0.043668
0.017294
0.002123
0.006246
0.005370
0.002989
0.000237
0.000505
0.000629
0.000392
0.165107
0.005339
0.004999
0.001886
0.003721
0.002999
0.001113
0.000742
0.000639
0.001123
0.000000
0.000021
0.001484
0.135415
0.072422
0.005380
0.007513
0.007091
0.002175
0.000381
0.000268
0.000691
0.000392
0.122769
0.004978
0.002391
0.007379
0.002329
0.001226
0.043152
0.068753
0.164303
0.023333
0.016263
0.022117
0.019108
0.003020
0.004184
0.010708
0.002185
0.004401
0.028311
0.010049
0.003607
0.009987
0.004937
0.005565
0.001113
0.001000
0.001433
0.001350
0.089242
0.006070
0.005936
0.001453
0.006039
0.004112
0.000948
0.001711
0.001546
0.002680
0.000072
0.000175
0.001711
0.079688
0.035351
0.005607
0.012481
0.008647
0.002824
0.001062
0.000752
0.001814
0.001330
0.084357
0.006730
0.004143
0.012285
0.003411
0.001237
0.039463
0.077019
0.327431
0.047203
0.021767
0.063446
0.041503
0.003937
0.007555
0.022241
0.002381
0.008379
0.036495
0.021015
0.006833
0.023663
0.010409
0.010987
0.001123
0.001299
0.002216
0.001639
0.146916
0.008544
0.009791
0.002783
0.008750
0.009255
0.002824
0.002309
0.001927
0.004277
0.000072
0.000062
0.003834
0.048007
0.039597
0.008379
0.024910
0.014140
0.006565
0.001123
0.001371
0.002257
0.001567
0.066445
0.005895
0.008214
0.024014
0.004267
0.004360
0.075586
0.039442
0.088428
0.017459
0.008565
0.026683
0.018397
0.001474
0.002721
0.009801
0.001082
0.008461
0.024818
0.012914
0.002638
0.008987
0.006565
0.003762
0.000340
0.000928
0.001154
0.000546
0.148133
0.005473
0.005720
0.001783
0.003669
0.003051
0.001103
0.000907
0.000618
0.001948
0.000082
0.000031
0.001412
0.183576
0.032753
0.005112
0.010141
0.007214
0.002350
0.000680
0.000392
0.000897
0.000711
0.087933
0.004926
0.002690
0.009533
0.002329
0.001680
0.041895
0.064291
0.209671
0.026528
0.009698
0.044441
0.026054
0.002206
0.003618
0.009956
0.000742
0.011801
0.028878
0.023684
0.003916
0.010183
0.008874
0.003751
0.000484
0.001165
0.000825
0.000629
0.137960
0.006720
0.006545
0.002546
0.003916
0.002618
0.002010
0.001206
0.000783
0.001618
0.000072
0.000082
0.001845
0.107361
0.036845
0.005957
0.010533
0.006318
0.004875
0.000515
0.000794
0.000649
0.000670
0.082028
0.004741
0.003195
0.010523
0.001999
0.005174
0.058931
0.056788
0.216752
0.046100
0.018727
0.061405
0.049573
0.002979
0.008018
0.016346
0.001793
0.008781
0.043286
0.025879
0.006400
0.017387
0.012594
0.010688
0.000721
0.001257
0.001505
0.001433
0.135043
0.009008
0.008585
0.003989
0.009255
0.009338
0.003690
0.002051
0.001608
0.003350
0.000082
0.000134
0.004854
0.061776
0.046554
0.008678
0.018613
0.014800
0.008997
0.000835
0.000855
0.001824
0.001494
0.076328
0.004349
0.007956
0.018572
0.003329
0.004700
0.073072
0.034732
0.086676
0.035825
0.014717
0.055860
0.046244
0.002298
0.006349
0.012914
0.001340
0.010760
0.038659
0.029332
0.005813
0.014295
0.010976
0.007637
0.000546
0.001010
0.001288
0.000979
0.154883
0.008554
0.008245
0.003308
0.005813
0.006070
0.003679
0.001484
0.001268
0.002082
0.000052
0.000041
0.003958
0.107371
0.043286
0.007431
0.015666
0.010090
0.007328
0.000639
0.000639
0.001103
0.000835
0.081224
0.004226
0.005297
0.014656
0.002206
0.004133
0.067970
0.036062
0.093561
0.024271
0.008740
0.042823
0.030816
0.001907
0.004081
0.009698
0.000629
0.011028
0.032506
0.023024
0.003885
0.009873
0.009234
0.003834
0.000340
0.000783
0.000907
0.000845
0.135827
0.007173
0.006658
0.002680
0.004123
0.003185
0.002587
0.000897
0.000763
0.001731
0.000021
0.000021
0.002206
0.099920
0.037299
0.005947
0.010337
0.007050
0.004988
0.000515
0.000464
0.001041
0.000670
0.082203
0.004360
0.003989
0.010543
0.001845
0.003741
0.057169
0.050398
0.230428
0.032094
0.012409
0.051851
0.039978
0.002123
0.005514
0.011069
0.000814
0.013161
0.038030
0.031269
0.005473
0.012234
0.009977
0.005184
0.000536
0.001051
0.000948
0.000629
0.153007
0.008245
0.008255
0.003463
0.004875
0.003896
0.003092
0.001113
0.000866
0.001752
0.000041
0.000062
0.002741
0.100878
0.043699
0.007204
0.011574
0.008018
0.006266
0.000629
0.000732
0.000804
0.000567
0.084027
0.004102
0.005102
0.011770
0.002030
0.004916
0.065589
0.042668
0.133673
0.052109
0.023601
0.066032
0.042338
0.004648
0.007812
0.017479
0.002133
0.011739
0.028672
0.031321
0.008090
0.017892
0.011151
0.008327
0.000958
0.001876
0.001536
0.001711
0.133899
0.010801
0.009667
0.003618
0.005380
0.005452
0.003380
0.002474
0.002329
0.003669
0.000062
0.000134
0.003607
0.062683
0.042462
0.009245
0.018397
0.009410
0.008482
0.001340
0.001330
0.001783
0.001536
0.070588
0.005689
0.007328
0.018665
0.002711
0.008132
0.074473
0.038020
0.093829
0.036361
0.014419
0.052727
0.042957
0.002463
0.006493
0.014202
0.001113
0.008936
0.043678
0.028239
0.005442
0.015470
0.010811
0.007091
0.000423
0.001474
0.001010
0.000979
0.153255
0.008595
0.008523
0.003793
0.006534
0.005978
0.003319
0.001412
0.001031
0.002607
0.000031
0.000072
0.003587
0.077184
0.050449
0.007977
0.015738
0.011296
0.007153
0.000732
0.000711
0.001309
0.001062
0.087655
0.004329
0.005617
0.016047
0.002618
0.004040
0.071443
0.040834
0.100785
0.033568
0.016212
0.044461
0.043359
0.003020
0.005751
0.012388
0.001257
0.006514
0.046760
0.031434
0.005916
0.012687
0.009173
0.006431
0.000629
0.001031
0.001299
0.001144
0.184957
0.008255
0.008276
0.003370
0.004906
0.004586
0.003380
0.001505
0.001484
0.003030
0.000031
0.000103
0.003133
0.083203
0.065033
0.007926
0.013037
0.008771
0.006318
0.000928
0.000886
0.001536
0.001299
0.084522
0.005297
0.005627
0.013687
0.002144
0.003968
0.055798
0.039040
0.090933
0.044420
0.021272
0.049749
0.040792
0.003927
0.007689
0.015686
0.002618
0.008534
0.033124
0.024488
0.007163
0.015934
0.010543
0.008565
0.001113
0.001701
0.001680
0.001845
0.131168
0.008997
0.009286
0.003927
0.005730
0.005565
0.003432
0.002525
0.002484
0.003885
0.000113
0.000186
0.004019
0.075751
0.043266
0.009090
0.015006
0.011502
0.008142
0.001299
0.001443
0.001855
0.001824
0.078596
0.005638
0.007390
0.016253
0.003061
0.004524
0.062745
0.047677
0.122779
0.029342
0.015181
0.035392
0.027642
0.003030
0.004906
0.012749
0.001494
0.007596
0.024519
0.017160
0.005194
0.010832
0.007802
0.005359
0.000763
0.001031
0.001391
0.001247
0.124438
0.006854
0.006431
0.002721
0.004566
0.003587
0.002546
0.001711
0.001453
0.002845
0.000082
0.000124
0.002185
0.085831
0.033691
0.006452
0.012945
0.007482
0.005524
0.000907
0.000752
0.001525
0.001216
0.070980
0.004875
0.004926
0.014522
0.001989
0.002814
0.045935
0.059107
0.266356
0.028621
0.010966
0.053108
0.040483
0.001907
0.004926
0.012244
0.000917
0.008925
0.045760
0.023509
0.004030
0.014120
0.010348
0.006143
0.000371
0.000948
0.001082
0.000608
0.180731
0.008008
0.008060
0.002814
0.006483
0.005833
0.002257
0.001237
0.000742
0.001948
0.000021
0.000062
0.002886
0.086140
0.053139
0.006596
0.014254
0.011316
0.005844
0.000546
0.000618
0.001165
0.000639
0.093334
0.004133
0.004628
0.014614
0.002649
0.003370
0.072567
0.039751
0.094602
0.029744
0.011533
0.051016
0.030548
0.002515
0.004483
0.010987
0.000825
0.012883
0.030177
0.025797
0.004741
0.010832
0.009616
0.004597
0.000464
0.001412
0.001041
0.000742
0.147308
0.007348
0.007616
0.002772
0.003947
0.003257
0.002711
0.001268
0.000928
0.001793
0.000093
0.000041
0.002133
0.095983
0.032279
0.006163
0.011450
0.006390
0.005720
0.000567
0.000804
0.001206
0.000876
0.071289
0.004947
0.004432
0.011347
0.002092
0.005751
0.061920
0.045657
0.205961
0.026807
0.012295
0.038948
0.026044
0.002731
0.004123
0.010688
0.001391
0.008286
0.029919
0.019623
0.004164
0.010028
0.007740
0.004040
0.000814
0.001000
0.001196
0.001062
0.147813
0.006493
0.006493
0.002360
0.004019
0.003040
0.001948
0.001288
0.001165
0.002257
0.000113
0.000134
0.001670
0.091427
0.046822
0.006699
0.011759
0.006596
0.004504
0.000876
0.000794
0.001433
0.000876
0.088067
0.005380
0.004308
0.012584
0.002216
0.003648
0.052109
0.072093
0.198118
0.019654
0.008142
0.031579
0.023571
0.001597
0.003040
0.007668
0.000732
0.007802
0.030012
0.015140
0.002783
0.008523
0.007565
0.003545
0.000443
0.000763
0.000752
0.000721
0.103331
0.006411
0.006472
0.002123
0.004566
0.003401
0.001680
0.000866
0.000835
0.001494
0.000000
0.000021
0.001876
0.118636
0.034526
0.005287
0.007575
0.008327
0.003927
0.000505
0.000515
0.000618
0.000598
0.091613
0.004483
0.003133
0.008791
0.002401
0.002257
0.047976
0.065878
0.285845
0.018562
0.009080
0.032815
0.020035
0.001628
0.002896
0.009441
0.001144
0.011327
0.026260
0.013738
0.002566
0.008657
0.008018
0.003638
0.000381
0.000866
0.001062
0.000649
0.136826
0.006421
0.006452
0.001546
0.003989
0.002968
0.001422
0.000938
0.000794
0.002072
0.000082
0.000062
0.001360
0.171569
0.037350
0.005040
0.009822
0.006823
0.002597
0.000660
0.000567
0.000979
0.000670
0.092849
0.005071
0.003040
0.009915
0.002133
0.001907
0.051243
0.066744
0.193326
0.048749
0.024220
0.055046
0.054984
0.004019
0.008616
0.016861
0.002319
0.008771
0.039731
0.029218
0.008132
0.017572
0.011924
0.010007
0.001082
0.001412
0.001659
0.001711
0.129488
0.011048
0.011265
0.004360
0.008266
0.006936
0.003865
0.002164
0.002247
0.003453
0.000062
0.000082
0.004236
0.061539
0.040143
0.010275
0.017820
0.012563
0.009245
0.001165
0.001309
0.001618
0.001567
0.074030
0.006246
0.008987
0.019324
0.003102
0.004731
0.067269
0.038844
0.086717
0.029373
0.012069
0.050150
0.036742
0.002247
0.004700
0.011481
0.000783
0.010708
0.032877
0.026972
0.004164
0.011574
0.010275
0.005380
0.000402
0.000938
0.000938
0.000691
0.157377
0.007493
0.007493
0.002803
0.004679
0.003989
0.002566
0.001082
0.000958
0.001835
0.000062
0.000041
0.002401
0.111916
0.036392
0.006606
0.012986
0.008060
0.005638
0.000649
0.000670
0.000917
0.000721
0.077194
0.004030
0.004308
0.012636
0.002102
0.004215
0.062291
0.041947
0.161479
0.033712
0.013161
0.053541
0.037845
0.002185
0.005071
0.013450
0.001247
0.010626
0.037103
0.027209
0.004566
0.013924
0.010203
0.005452
0.000567
0.001206
0.001257
0.000989
0.168405
0.008389
0.007761
0.002989
0.005267
0.005060
0.002690
0.001422
0.001257
0.002845
0.000021
0.000082
0.002906
0.094468
0.047306
0.007431
0.014944
0.008925
0.006338
0.000639
0.000794
0.001062
0.000948
0.080956
0.004504
0.004669
0.014398
0.002092
0.004318
0.067063
0.041411
0.115328
0.013738
0.005658
0.030548
0.027775
0.001062
0.002587
0.006184
0.000402
0.007142
0.044503
0.025415
0.002175
0.007132
0.006617
0.002618
0.000103
0.000608
0.000319
0.000350
0.250052
0.005565
0.005473
0.001597
0.002814
0.002484
0.001092
0.000505
0.000381
0.000732
0.000010
0.000031
0.001443
0.142505
0.072175
0.004731
0.007987
0.006307
0.002422
0.000381
0.000247
0.000505
0.000309
0.099940
0.003525
0.002030
0.007122
0.001690
0.002133
0.047440
0.046203
0.095230
0.038123
0.019510
0.041411
0.033928
0.003865
0.006204
0.014047
0.002020
0.007998
0.027703
0.020468
0.006194
0.013522
0.009049
0.006957
0.000989
0.001597
0.001855
0.001824
0.122429
0.008420
0.008327
0.003205
0.005401
0.004854
0.002937
0.002206
0.002247
0.004071
0.000196
0.000144
0.002937
0.093746
0.038597
0.008740
0.013491
0.009399
0.006287
0.001453
0.001165
0.001793
0.001608
0.084615
0.006524
0.006586
0.014965
0.003226
0.003731
0.054067
0.058962
0.166406
0.049553
0.021303
0.065280
0.049841
0.004164
0.006606
0.019881
0.001659
0.009358
0.035917
0.033372
0.007884
0.020015
0.010863
0.007926
0.000794
0.001814
0.001907
0.001381
0.147710
0.010224
0.008699
0.003721
0.005596
0.005462
0.003885
0.001876
0.002030
0.003772
0.000072
0.000113
0.003113
0.059272
0.034392
0.009296
0.020252
0.009533
0.009100
0.000928
0.001474
0.001927
0.001257
0.062322
0.005122
0.008039
0.020644
0.002917
0.006802
0.071835
0.034619
0.094478
0.031640
0.012347
0.047306
0.038113
0.002164
0.005287
0.011244
0.001196
0.009070
0.038844
0.027250
0.004638
0.012636
0.010038
0.005668
0.000608
0.000928
0.001082
0.000917
0.148504
0.008132
0.007802
0.003236
0.005359
0.005029
0.003061
0.001299
0.001175
0.001917
0.000072
0.000062
0.003164
0.094952
0.049378
0.006802
0.012223
0.009647
0.006287
0.000794
0.000721
0.001196
0.000732
0.088366
0.005029
0.004700
0.012625
0.002278
0.004390
0.062621
0.045245
0.142227
0.030733
0.013347
0.037515
0.028064
0.002917
0.004772
0.010543
0.001474
0.006977
0.026054
0.019634
0.005236
0.010162
0.007596
0.005215
0.000649
0.001020
0.001226
0.001020
0.128612
0.007596
0.006411
0.003020
0.003453
0.003525
0.002484
0.001701
0.001494
0.002443
0.000072
0.000093
0.002340
0.136291
0.033217
0.006812
0.010265
0.007276
0.005473
0.000825
0.001062
0.001092
0.001536
0.082914
0.005359
0.004731
0.012110
0.002247
0.003999
0.046636
0.057705
0.203055
0.043740
0.023014
0.044276
0.048058
0.004390
0.007668
0.013388
0.002164
0.005452
0.036041
0.027899
0.008111
0.016098
0.009647
0.008822
0.001134
0.001567
0.001659
0.001670
0.116307
0.009028
0.008997
0.003834
0.006689
0.006081
0.003618
0.002257
0.002072
0.003648
0.000124
0.000072
0.003906
0.073876
0.040339
0.009585
0.016088
0.010574
0.008018
0.001257
0.001257
0.001783
0.001463
0.079214
0.006359
0.007719
0.016109
0.002504
0.003669
0.053170
0.048512
0.147071
0.034691
0.016449
0.042246
0.042039
0.003009
0.005926
0.011626
0.001247
0.006163
0.031929
0.026302
0.005833
0.012440
0.009451
0.006565
0.000773
0.001216
0.001350
0.001175
0.126489
0.007822
0.007699
0.003741
0.005772
0.004689
0.003597
0.001999
0.001422
0.002566
0.000062
0.000062
0.003216
0.088861
0.040535
0.007926
0.012646
0.008369
0.007658
0.000958
0.000804
0.001309
0.001041
0.082203
0.005607
0.005668
0.012862
0.002102
0.003659
0.054098
0.050223
0.183906
0.052943
0.023076
0.061034
0.047790
0.004473
0.007792
0.017861
0.002133
0.009338
0.031640
0.025508
0.008492
0.016861
0.011471
0.009090
0.001288
0.001845
0.002298
0.001824
0.107093
0.010090
0.009533
0.004040
0.006843
0.006678
0.003762
0.002731
0.002401
0.004772
0.000175
0.000103
0.003648
0.062539
0.034670
0.009575
0.018613
0.011656
0.009750
0.001402
0.001525
0.002175
0.002144
0.072319
0.006864
0.008348
0.019778
0.003133
0.006070
0.070712
0.045296
0.114802
0.056654
0.030404
0.049110
0.049460
0.006246
0.009812
0.017294
0.002865
0.005895
0.030558
0.027446
0.010914
0.016253
0.011172
0.011224
0.001742
0.002164
0.002020
0.002443
0.095766
0.011430
0.011172
0.004349
0.007245
0.006730
0.004483
0.003422
0.003690
0.004803
0.000165
0.000113
0.004174
0.056128
0.032321
0.012275
0.017861
0.011935
0.010265
0.001814
0.002278
0.002298
0.002618
0.071526
0.008637
0.010873
0.019396
0.003545
0.004937
0.055036
0.052418
0.122624
0.039288
0.014089
0.059117
0.049347
0.002041
0.007555
0.013635
0.000948
0.008492
0.046492
0.023467
0.005236
0.015295
0.012306
0.009791
0.000423
0.001031
0.001206
0.001113
0.124263
0.009224
0.008822
0.004112
0.009585
0.008781
0.003545
0.001546
0.001216
0.002607
0.000031
0.000052
0.005205
0.061539
0.051088
0.008822
0.016583
0.016026
0.007833
0.000670
0.000691
0.001597
0.000897
0.095271
0.003638
0.006070
0.017727
0.003411
0.003607
0.078761
0.037309
0.098600
0.017541
0.006390
0.045327
0.017861
0.001546
0.002412
0.008853
0.000402
0.019427
0.020499
0.015088
0.002257
0.007462
0.008997
0.001999
0.000299
0.000948
0.000701
0.000526
0.130364
0.006163
0.006060
0.001690
0.002700
0.001711
0.001463
0.000649
0.000598
0.001072
0.000021
0.000052
0.001216
0.138970
0.026631
0.004030
0.009214
0.005122
0.002700
0.000330
0.000587
0.000845
0.000381
0.077194
0.004658
0.002350
0.009358
0.001402
0.003556
0.059529
0.058767
0.262079
0.055603
0.028239
0.054077
0.046317
0.005957
0.009142
0.017737
0.003020
0.008771
0.028497
0.027044
0.009142
0.017603
0.010389
0.010842
0.001278
0.002133
0.002175
0.002072
0.095498
0.011090
0.010585
0.004277
0.006575
0.006967
0.003628
0.003288
0.002443
0.004215
0.000124
0.000175
0.003885
0.047059
0.031032
0.009884
0.018902
0.011646
0.008719
0.001597
0.001567
0.001824
0.001927
0.062363
0.006431
0.008802
0.017954
0.003422
0.006112
0.063033
0.041596
0.163345
0.022530
0.008750
0.037804
0.024014
0.001701
0.003030
0.010512
0.000721
0.008740
0.027147
0.016500
0.003504
0.009451
0.007317
0.003380
0.000340
0.000783
0.000866
0.000577
0.134590
0.006421
0.005957
0.002082
0.002968
0.002463
0.001731
0.000855
0.000680
0.001814
0.000031
0.000072
0.001402
0.116152
0.033238
0.005287
0.011471
0.005638
0.003566
0.000402
0.000392
0.000855
0.000464
0.083481
0.004380
0.002845
0.010873
0.001577
0.002659
0.051160
0.062961
0.253865
0.030909
0.011090
0.064888
0.036206
0.001762
0.004968
0.009719
0.001031
0.015243
0.033702
0.029672
0.004184
0.010100
0.009523
0.004854
0.000392
0.001000
0.000886
0.000763
0.176557
0.007060
0.006936
0.003113
0.004555
0.003834
0.002628
0.001226
0.000938
0.001587
0.000072
0.000052
0.002577
0.102177
0.039370
0.005813
0.011986
0.007287
0.006091
0.000598
0.000392
0.000814
0.000649
0.074339
0.003937
0.004772
0.011017
0.001948
0.005710
0.076823
0.041771
0.122480
0.018716
0.009008
0.041040
0.021293
0.001597
0.003267
0.010141
0.000917
0.013460
0.027270
0.011729
0.002865
0.009801
0.008379
0.003782
0.000350
0.000855
0.000928
0.000721
0.119275
0.006998
0.006534
0.001711
0.004576
0.003267
0.000969
0.001051
0.000845
0.002020
0.000031
0.000000
0.001587
0.108288
0.035753
0.004844
0.012182
0.008853
0.002113
0.000557
0.000423
0.000989
0.000629
0.092427
0.005236
0.002937
0.011172
0.003679
0.001649
0.057767
0.070485
0.245032
0.049079
0.023014
0.055304
0.057726
0.004318
0.008936
0.017150
0.001969
0.006173
0.043709
0.030744
0.008214
0.017026
0.011440
0.010069
0.001092
0.001515
0.001721
0.002236
0.131952
0.009801
0.010110
0.004329
0.007173
0.007400
0.004318
0.002504
0.002020
0.003679
0.000082
0.000072
0.004947
0.053418
0.051078
0.010523
0.018046
0.012254
0.009523
0.001165
0.000948
0.001824
0.001628
0.083244
0.005514
0.008039
0.018757
0.002731
0.004050
0.066775
0.035155
0.075504
0.015851
0.006452
0.033475
0.019345
0.001463
0.002577
0.006812
0.000495
0.010945
0.024024
0.014192
0.002309
0.007194
0.006988
0.002381
0.000186
0.000794
0.000587
0.000464
0.104454
0.005308
0.004813
0.001628
0.002638
0.001969
0.001515
0.000752
0.000546
0.001226
0.000021
0.000041
0.001226
0.106474
0.027580
0.003700
0.007441
0.004823
0.002865
0.000557
0.000423
0.000598
0.000423
0.069052
0.003380
0.002133
0.008163
0.001628
0.002370
0.045276
0.047368
0.383075
0.024014
0.009956
0.036422
0.024148
0.001938
0.003906
0.009183
0.000783
0.009162
0.026364
0.016377
0.003484
0.009389
0.007843
0.004205
0.000423
0.001113
0.001031
0.000660
0.101960
0.005957
0.006287
0.002474
0.003958
0.003082
0.002061
0.001185
0.000989
0.001845
0.000082
0.000082
0.001969
0.102280
0.031465
0.005720
0.010110
0.006411
0.004298
0.000587
0.000639
0.001134
0.000763
0.078245
0.004514
0.003226
0.010306
0.001484
0.003236
0.050769
0.053984
0.308499
0.018263
0.007451
0.054933
0.020870
0.001350
0.002535
0.010646
0.000742
0.025189
0.025735
0.014862
0.002618
0.009533
0.011801
0.003061
0.000453
0.000917
0.001247
0.000526
0.162675
0.009245
0.008049
0.001690
0.003422
0.002587
0.001484
0.000855
0.000577
0.001762
0.000072
0.000052
0.001680
0.155574
0.031774
0.004030
0.012141
0.007596
0.002700
0.000484
0.000433
0.000876
0.000443
0.079049
0.003432
0.002772
0.011883
0.002535
0.002381
0.070299
0.050686
0.154028
0.030342
0.013883
0.057252
0.046811
0.002432
0.005318
0.014058
0.001422
0.007359
0.055314
0.024282
0.004030
0.015872
0.008729
0.007369
0.000701
0.000886
0.001278
0.000742
0.178990
0.007884
0.008936
0.002041
0.008255
0.007472
0.001577
0.001103
0.001196
0.002432
0.000052
0.000082
0.003102
0.065806
0.067424
0.006070
0.016768
0.013068
0.004277
0.000660
0.000742
0.001309
0.000701
0.087129
0.004133
0.005267
0.015717
0.003298
0.002628
0.074133
0.034310
0.075360
0.054922
0.026858
0.054469
0.045574
0.005679
0.009028
0.016418
0.002865
0.008843
0.032547
0.030476
0.009678
0.015264
0.011718
0.009523
0.001515
0.002391
0.002154
0.002412
0.135322
0.010193
0.010842
0.004720
0.006359
0.005998
0.004617
0.003298
0.003216
0.004463
0.000144
0.000206
0.004679
0.063023
0.040246
0.010956
0.015645
0.011440
0.010420
0.001886
0.002082
0.002164
0.002154
0.070114
0.007400
0.009131
0.017500
0.003319
0.006349
0.062384
0.039896
0.087501
0.017428
0.006730
0.047718
0.024715
0.001731
0.002628
0.008956
0.000453
0.015068
0.032723
0.021365
0.002360
0.009399
0.009605
0.003051
0.000247
0.000742
0.000660
0.000268
0.209950
0.006854
0.007524
0.002278
0.003133
0.002319
0.001319
0.000629
0.000536
0.001165
0.000031
0.000031
0.001051
0.146246
0.048069
0.005225
0.009729
0.005390
0.003246
0.000443
0.000453
0.000660
0.000206
0.089572
0.004545
0.002690
0.009430
0.001505
0.002700
0.063301
0.048903
0.115018
0.043925
0.021107
0.047605
0.035134
0.004813
0.006503
0.016109
0.002422
0.010914
0.025106
0.021849
0.007390
0.013718
0.010698
0.007080
0.001288
0.001969
0.001680
0.001793
0.116348
0.009832
0.009750
0.003700
0.005174
0.004751
0.003113
0.002474
0.002618
0.003793
0.000227
0.000216
0.002968
0.098168
0.028682
0.009338
0.014336
0.009575
0.007585
0.001628
0.001783
0.001907
0.002030
0.070691
0.006709
0.007781
0.016202
0.003123
0.004926
0.057076
0.053479
0.158913
0.025487
0.010853
0.040926
0.031486
0.001824
0.004236
0.009966
0.001062
0.009925
0.038546
0.023158
0.003473
0.010574
0.008276
0.004844
0.000350
0.001062
0.000721
0.000752
0.156378
0.007163
0.007039
0.002834
0.004071
0.003731
0.002350
0.001020
0.000928
0.001824
0.000031
0.000041
0.002041
0.132776
0.054592
0.006668
0.010018
0.007390
0.004865
0.000587
0.000660
0.000876
0.000639
0.103135
0.004875
0.003999
0.010368
0.001969
0.003545
0.055850
0.056128
0.124088
0.050882
0.022499
0.060189
0.060817
0.004174
0.008111
0.016603
0.001855
0.006988
0.043369
0.035268
0.008317
0.018397
0.011584
0.010090
0.000835
0.001494
0.001670
0.001299
0.136930
0.010698
0.010275
0.004648
0.007173
0.006843
0.004463
0.002092
0.002041
0.003071
0.000113
0.000093
0.004452
0.052748
0.044451
0.010348
0.018170
0.012254
0.010162
0.001092
0.001185
0.001690
0.001597
0.074690
0.005576
0.008997
0.017964
0.002618
0.005153
0.066692
0.033032
0.074247
0.051181
0.027374
0.042452
0.042194
0.006462
0.008863
0.015903
0.003102
0.005751
0.026147
0.021932
0.010090
0.015872
0.010234
0.010368
0.001927
0.001989
0.002298
0.002381
0.087356
0.010605
0.010090
0.004123
0.006596
0.006101
0.004143
0.003535
0.003133
0.004143
0.000124
0.000186
0.003906
0.057757
0.029538
0.011347
0.017490
0.012285
0.008431
0.001948
0.001938
0.002360
0.002278
0.066981
0.007761
0.009585
0.018222
0.003751
0.004019
0.051294
0.051047
0.191409
0.028858
0.016109
0.030826
0.028868
0.002865
0.005277
0.009915
0.001587
0.004741
0.026642
0.015820
0.004854
0.010286
0.006730
0.005679
0.000783
0.001247
0.001216
0.001309
0.080667
0.007039
0.006926
0.002556
0.004803
0.004545
0.002257
0.001515
0.001525
0.002690
0.000124
0.000155
0.002370
0.080667
0.034691
0.007833
0.010636
0.008358
0.004586
0.001123
0.000948
0.001206
0.001092
0.076710
0.005483
0.005328
0.011224
0.002267
0.002175
0.042988
0.054407
0.327493
0.064002
0.033609
0.055427
0.054397
0.006380
0.011997
0.021386
0.003329
0.006153
0.030156
0.027951
0.010894
0.020252
0.013223
0.013852
0.001773
0.002298
0.002906
0.002906
0.092004
0.011698
0.012378
0.005318
0.008729
0.008853
0.005153
0.004102
0.003525
0.005452
0.000144
0.000309
0.005504
0.039813
0.038288
0.013068
0.019335
0.014913
0.011193
0.002020
0.002154
0.002535
0.002597
0.071567
0.007400
0.011368
0.021612
0.004061
0.004576
0.064662
0.039885
0.082894
0.045925
0.024148
0.040009
0.037474
0.004731
0.007833
0.015398
0.002525
0.005256
0.025168
0.016944
0.007730
0.014151
0.008884
0.009111
0.001309
0.001731
0.002247
0.002298
0.075452
0.008699
0.008565
0.003659
0.006297
0.006225
0.003525
0.002783
0.002783
0.004380
0.000103
0.000165
0.003741
0.068568
0.026498
0.009255
0.014583
0.011224
0.007864
0.001391
0.001670
0.002102
0.002113
0.068516
0.006658
0.007874
0.016098
0.003350
0.004133
0.049140
0.052212
0.247506
0.057499
0.025312
0.058705
0.056324
0.004731
0.009585
0.016871
0.002494
0.007627
0.035031
0.029208
0.009018
0.017016
0.012460
0.011141
0.000969
0.001999
0.002072
0.002041
0.096405
0.010966
0.010533
0.004968
0.006689
0.006637
0.005029
0.003195
0.002669
0.004267
0.000082
0.000072
0.005339
0.050686
0.035619
0.010554
0.018531
0.012223
0.011997
0.001185
0.001793
0.002082
0.001907
0.073041
0.006184
0.009729
0.019922
0.003143
0.006988
0.066445
0.042029
0.108989
0.013563
0.005060
0.028559
0.014748
0.001113
0.002144
0.005813
0.000495
0.008966
0.023045
0.012800
0.001989
0.005782
0.005524
0.002216
0.000319
0.000505
0.000526
0.000371
0.126664
0.004751
0.004772
0.001103
0.002412
0.001670
0.001216
0.000701
0.000484
0.000897
0.000010
0.000031
0.000897
0.177547
0.030218
0.003721
0.006307
0.004442
0.001752
0.000319
0.000340
0.000536
0.000350
0.081121
0.004257
0.001793
0.006503
0.001597
0.002422
0.041112
0.061075
0.295440
0.049553
0.024900
0.047357
0.045348
0.005163
0.008833
0.015975
0.002453
0.007596
0.034753
0.027033
0.008874
0.014913
0.011100
0.009224
0.001721
0.002298
0.002051
0.002175
0.134477
0.010317
0.010595
0.004277
0.006606
0.006297
0.003999
0.002875
0.003113
0.004215
0.000216
0.000216
0.004050
0.075700
0.044132
0.009812
0.015624
0.011811
0.009173
0.001865
0.001659
0.002102
0.002175
0.075865
0.006812
0.008616
0.017510
0.003267
0.004524
0.058746
0.042101
0.095931
0.047615
0.025601
0.040658
0.038618
0.004731
0.009265
0.014707
0.003009
0.004700
0.024642
0.019572
0.009193
0.014408
0.008431
0.009781
0.001536
0.001948
0.002144
0.002102
0.069361
0.008884
0.009245
0.003463
0.006545
0.005936
0.003350
0.003143
0.003009
0.004514
0.000113
0.000155
0.003927
0.050264
0.027920
0.009307
0.015624
0.010956
0.007874
0.001639
0.001597
0.001762
0.001938
0.062951
0.006184
0.008699
0.015604
0.003123
0.003618
0.046317
0.048842
0.271478
0.044956
0.019644
0.064043
0.052315
0.003525
0.007421
0.014934
0.001453
0.009461
0.042988
0.031970
0.007163
0.015367
0.012223
0.007833
0.000917
0.001608
0.001144
0.001103
0.125490
0.009719
0.010007
0.004390
0.006905
0.006277
0.003989
0.001958
0.001433
0.002731
0.000082
0.000186
0.003865
0.065754
0.046708
0.009513
0.015202
0.011677
0.009471
0.000742
0.001020
0.001453
0.001113
0.083038
0.005174
0.007390
0.016882
0.002474
0.005761
0.075896
0.034567
0.089067
0.031104
0.012017
0.048903
0.035516
0.002329
0.004885
0.011069
0.000804
0.007926
0.033877
0.022746
0.004339
0.011131
0.007307
0.005617
0.000330
0.000907
0.001031
0.000701
0.112122
0.006586
0.006606
0.002525
0.004638
0.004061
0.002494
0.001278
0.001000
0.002195
0.000062
0.000082
0.002350
0.074370
0.038329
0.005792
0.012368
0.007080
0.005926
0.000660
0.000587
0.000928
0.000680
0.076133
0.004050
0.004700
0.012739
0.001804
0.004133
0.057427
0.049398
0.254360
0.035557
0.012759
0.065435
0.032475
0.002360
0.004535
0.012553
0.000794
0.013594
0.024024
0.023117
0.004535
0.011656
0.008925
0.004741
0.000453
0.001144
0.001226
0.000835
0.118790
0.006297
0.007235
0.002711
0.003401
0.003453
0.002329
0.001309
0.001237
0.002144
0.000052
0.000082
0.002370
0.067620
0.026157
0.005576
0.011595
0.006524
0.005926
0.000629
0.000876
0.001051
0.000794
0.058756
0.003700
0.004679
0.012934
0.001494
0.008194
0.074422
0.040782
0.256163
0.027806
0.009193
0.068186
0.037165
0.001701
0.003989
0.013336
0.000752
0.016913
0.037793
0.028445
0.003453
0.014223
0.011790
0.004566
0.000309
0.000958
0.000773
0.000546
0.193975
0.007524
0.008503
0.002700
0.004442
0.003999
0.002484
0.000763
0.000618
0.001402
0.000000
0.000021
0.002288
0.107804
0.042173
0.005297
0.015449
0.008008
0.005029
0.000402
0.000433
0.000917
0.000515
0.075298
0.003535
0.003442
0.014841
0.001989
0.004246
0.083017
0.029136
0.087851
0.060797
0.025807
0.068094
0.056674
0.005050
0.009915
0.017459
0.002175
0.010492
0.031764
0.038041
0.009812
0.018201
0.014151
0.009616
0.001185
0.002164
0.001515
0.001690
0.116358
0.011636
0.011729
0.005401
0.006215
0.006318
0.005339
0.002556
0.002298
0.003277
0.000113
0.000144
0.004246
0.049305
0.037309
0.010533
0.018696
0.010615
0.012058
0.001309
0.001618
0.001608
0.001474
0.067826
0.006029
0.008905
0.018459
0.002113
0.009018
0.075720
0.030847
0.076328
0.044111
0.022251
0.041668
0.038205
0.004700
0.007338
0.014553
0.002288
0.005967
0.032176
0.021808
0.007730
0.014429
0.009059
0.009008
0.001257
0.001907
0.002102
0.001835
0.147689
0.008668
0.009379
0.003195
0.005895
0.005710
0.003216
0.002680
0.002443
0.004071
0.000124
0.000124
0.003298
0.100744
0.048357
0.009379
0.015552
0.009781
0.006833
0.001463
0.001371
0.001865
0.001948
0.077318
0.006277
0.007771
0.016614
0.003174
0.003257
0.049522
0.045698
0.114194
0.045781
0.017047
0.076256
0.041132
0.003205
0.006555
0.020396
0.001546
0.015027
0.030301
0.030352
0.006338
0.020097
0.011316
0.006936
0.000763
0.001690
0.001433
0.001010
0.168467
0.009204
0.009616
0.003174
0.005102
0.005339
0.003082
0.001567
0.001402
0.003267
0.000031
0.000062
0.002855
0.062642
0.033547
0.007421
0.021922
0.008894
0.007276
0.000742
0.001041
0.001412
0.001000
0.061951
0.004710
0.006369
0.021458
0.002082
0.007637
0.085614
0.031816
0.082121
0.035546
0.017253
0.034897
0.027775
0.003865
0.006029
0.012234
0.002092
0.006400
0.021695
0.014882
0.006060
0.011224
0.007967
0.006070
0.000938
0.001608
0.001608
0.001371
0.081461
0.007730
0.007637
0.002875
0.004339
0.004112
0.002803
0.002030
0.002216
0.003133
0.000113
0.000124
0.002453
0.093932
0.025220
0.007513
0.012027
0.008132
0.005947
0.001257
0.001226
0.001525
0.001371
0.073010
0.005607
0.005802
0.013130
0.002360
0.003638
0.044183
0.060024
0.293554
0.033495
0.012924
0.065785
0.052006
0.001711
0.005359
0.012955
0.000969
0.008946
0.049388
0.032908
0.004442
0.015954
0.009750
0.006720
0.000196
0.000773
0.000814
0.000464
0.175898
0.007451
0.007266
0.002680
0.005380
0.005411
0.002206
0.000742
0.000546
0.001639
0.000010
0.000021
0.002834
0.065455
0.057231
0.005833
0.015563
0.008740
0.005349
0.000495
0.000546
0.000855
0.000474
0.078812
0.002741
0.004720
0.014006
0.001783
0.004081
0.077586
0.027384
0.100703
0.048759
0.024168
0.043266
0.040895
0.005802
0.007843
0.016377
0.002649
0.005710
0.022509
0.022066
0.008843
0.015387
0.009039
0.008884
0.001412
0.001999
0.002030
0.001855
0.089077
0.009255
0.009070
0.003587
0.005514
0.005390
0.003710
0.002721
0.002948
0.004112
0.000175
0.000113
0.004019
0.036144
0.022828
0.009719
0.016202
0.009987
0.008647
0.001577
0.001948
0.002206
0.002061
0.050769
0.006740
0.008441
0.018778
0.003030
0.004710
0.049130
0.037381
0.280517
0.039638
0.017613
0.039916
0.035505
0.003875
0.006761
0.012790
0.001381
0.005926
0.021076
0.021159
0.006400
0.011914
0.008451
0.007194
0.000814
0.001288
0.001453
0.001494
0.082018
0.007719
0.007359
0.003648
0.004751
0.004555
0.003494
0.002051
0.001979
0.003020
0.000093
0.000103
0.003267
0.035237
0.023076
0.007658
0.013202
0.007926
0.007266
0.001123
0.001196
0.001381
0.001484
0.047935
0.004844
0.006421
0.014470
0.002082
0.004153
0.046481
0.029610
0.375747
0.033908
0.015161
0.042534
0.036093
0.003329
0.005163
0.012666
0.001546
0.006854
0.034155
0.021540
0.004885
0.012811
0.009935
0.006215
0.000783
0.001051
0.001474
0.001165
0.168116
0.007111
0.007740
0.003040
0.004679
0.004401
0.002824
0.001690
0.001556
0.002628
0.000093
0.000031
0.002855
0.115781
0.055056
0.008080
0.013079
0.008833
0.006307
0.000938
0.000938
0.001721
0.000917
0.087655
0.005534
0.005957
0.013491
0.002525
0.003679
0.054922
0.046131
0.110422
0.034753
0.013202
0.059344
0.048100
0.002226
0.005730
0.013007
0.001092
0.010842
0.042534
0.035938
0.005215
0.015563
0.011172
0.006070
0.000319
0.000907
0.000917
0.000649
0.183906
0.008482
0.007833
0.003865
0.005545
0.004926
0.003205
0.001381
0.000948
0.001773
0.000010
0.000031
0.003628
0.080121
0.047419
0.007410
0.014491
0.009070
0.007451
0.000515
0.000691
0.000794
0.000732
0.078658
0.003803
0.004978
0.014377
0.001896
0.005040
0.071361
0.031177
0.086903
0.045069
0.023746
0.041277
0.034361
0.005163
0.008080
0.015820
0.002628
0.008358
0.026786
0.019757
0.007977
0.014017
0.009729
0.008358
0.001515
0.001999
0.002020
0.002504
0.117616
0.009317
0.008956
0.003133
0.006173
0.005555
0.003288
0.003113
0.003319
0.004370
0.000155
0.000134
0.003566
0.093911
0.034320
0.010080
0.013759
0.011419
0.007122
0.001484
0.001628
0.002360
0.002226
0.073927
0.006946
0.007482
0.017521
0.003174
0.004257
0.054046
0.053912
0.152564
0.027683
0.010801
0.045750
0.042359
0.001309
0.003875
0.010471
0.000783
0.006472
0.038546
0.023282
0.003453
0.011512
0.007482
0.005163
0.000186
0.000567
0.000660
0.000546
0.128313
0.006184
0.006081
0.002185
0.004380
0.004370
0.001938
0.000670
0.000433
0.001278
0.000000
0.000021
0.002267
0.072154
0.050305
0.004545
0.010749
0.006019
0.004638
0.000258
0.000381
0.000546
0.000443
0.081090
0.002267
0.003648
0.009626
0.001185
0.003463
0.056252
0.041266
0.252144
0.039380
0.017407
0.053655
0.037917
0.002834
0.006101
0.019221
0.001752
0.006534
0.036536
0.021499
0.005411
0.020046
0.008523
0.008699
0.000567
0.001103
0.002061
0.001092
0.133889
0.007977
0.009492
0.002638
0.007225
0.007080
0.002164
0.001670
0.001649
0.003896
0.000072
0.000082
0.002886
0.061982
0.044070
0.007050
0.022334
0.011780
0.005205
0.000886
0.000866
0.002257
0.001041
0.080554
0.005720
0.005823
0.021746
0.003185
0.002783
0.067084
0.048419
0.136157
0.044348
0.018613
0.058189
0.051903
0.002886
0.008575
0.015490
0.002185
0.006854
0.046389
0.021252
0.006246
0.016109
0.012326
0.011275
0.000886
0.001175
0.001762
0.001556
0.100095
0.009286
0.009997
0.004318
0.010007
0.009090
0.003762
0.002680
0.001876
0.003339
0.000113
0.000113
0.005370
0.048831
0.049439
0.008771
0.016531
0.017902
0.008668
0.000979
0.001113
0.002030
0.001402
0.093334
0.005339
0.007544
0.019108
0.003721
0.004277
0.077668
0.041328
0.103949
0.030177
0.014285
0.036196
0.041029
0.002649
0.005133
0.011038
0.001463
0.004792
0.048172
0.026116
0.005019
0.012192
0.007874
0.006307
0.000618
0.001072
0.001123
0.001113
0.179629
0.007276
0.007853
0.002350
0.005401
0.005112
0.002236
0.001433
0.001092
0.002422
0.000072
0.000052
0.002566
0.102414
0.066331
0.007080
0.013625
0.009554
0.004741
0.000752
0.000618
0.001247
0.000763
0.094179
0.004854
0.005225
0.013676
0.002979
0.002587
0.049274
0.046090
0.100146
0.043678
0.017531
0.070980
0.041947
0.003143
0.006812
0.018747
0.001876
0.012563
0.032918
0.028435
0.005967
0.020530
0.011306
0.007503
0.000732
0.001474
0.001649
0.001196
0.154285
0.009028
0.009173
0.003432
0.005854
0.006112
0.003102
0.001577
0.001515
0.003308
0.000052
0.000093
0.003174
0.074844
0.037577
0.008049
0.017778
0.009729
0.007926
0.000804
0.001309
0.001783
0.000866
0.067929
0.004710
0.005844
0.018891
0.002824
0.006173
0.082667
0.033011
0.087593
0.026796
0.011698
0.027827
0.027033
0.002020
0.004432
0.008090
0.001010
0.004370
0.025467
0.019046
0.004648
0.008142
0.006194
0.004607
0.000557
0.000804
0.000825
0.000876
0.107031
0.005844
0.005215
0.002504
0.003288
0.003113
0.002504
0.001134
0.001185
0.001876
0.000093
0.000031
0.002226
0.090160
0.046430
0.005689
0.009018
0.005627
0.005163
0.000742
0.000928
0.000897
0.000917
0.096601
0.004576
0.004483
0.009070
0.001855
0.003236
0.034897
0.090644
0.268582
0.059952
0.028590
0.074515
0.039607
0.004988
0.009070
0.028940
0.003762
0.009647
0.028136
0.022901
0.008121
0.031074
0.009358
0.010358
0.001360
0.001721
0.001989
0.001824
0.145443
0.011059
0.007390
0.002412
0.007864
0.008101
0.002824
0.002401
0.002092
0.004937
0.000124
0.000144
0.003401
0.032826
0.030053
0.007915
0.032609
0.011512
0.007544
0.001484
0.001247
0.002030
0.001835
0.045502
0.005112
0.009018
0.030672
0.004030
0.006627
0.083584
0.033743
0.078555
0.043379
0.016181
0.068877
0.039648
0.002803
0.006441
0.016882
0.001226
0.012728
0.033516
0.026271
0.005720
0.017170
0.012481
0.007101
0.000608
0.001628
0.001917
0.001041
0.151152
0.009523
0.009028
0.003545
0.006380
0.005514
0.003380
0.001525
0.001278
0.003267
0.000052
0.000072
0.003700
0.071979
0.038051
0.007513
0.019128
0.010997
0.008255
0.000752
0.000814
0.001639
0.000855
0.073597
0.004885
0.005916
0.019675
0.002226
0.006637
0.083069
0.035608
0.094365
0.056860
0.029868
0.043565
0.039803
0.006586
0.009781
0.019500
0.003648
0.005380
0.023529
0.020427
0.009750
0.017170
0.009956
0.011543
0.001938
0.002453
0.002731
0.002525
0.079049
0.010605
0.010203
0.004236
0.007225
0.007008
0.003906
0.004236
0.003350
0.005596
0.000186
0.000216
0.004360
0.051325
0.029888
0.011409
0.017789
0.012574
0.008472
0.002185
0.002041
0.002463
0.002979
0.070186
0.008389
0.010059
0.019139
0.004050
0.004339
0.053768
0.055293
0.176465
0.048605
0.025972
0.044678
0.039978
0.005524
0.008060
0.016810
0.002597
0.006143
0.026848
0.023313
0.008276
0.016614
0.009781
0.009430
0.001463
0.002041
0.002133
0.001969
0.096508
0.009719
0.009523
0.003824
0.006039
0.005607
0.003607
0.003092
0.002525
0.004473
0.000093
0.000175
0.003195
0.058086
0.031805
0.010378
0.016923
0.010894
0.008482
0.001309
0.001845
0.002030
0.002061
0.070093
0.007379
0.008668
0.017912
0.003267
0.004494
0.051686
0.054232
0.189842
0.049800
0.025931
0.058138
0.051006
0.004813
0.009214
0.018984
0.002855
0.007812
0.042153
0.026972
0.008544
0.020025
0.011017
0.010780
0.001196
0.001711
0.001814
0.001876
0.124572
0.010461
0.009925
0.003968
0.008431
0.007658
0.003339
0.002546
0.002700
0.004689
0.000165
0.000196
0.004092
0.045657
0.044637
0.009884
0.022488
0.013584
0.008678
0.001577
0.001288
0.002247
0.001927
0.072989
0.005936
0.008771
0.022921
0.004102
0.004452
0.068362
0.039659
0.083460
0.030362
0.011955
0.057664
0.029126
0.002669
0.004112
0.012563
0.001072
0.011059
0.030197
0.025663
0.004360
0.012058
0.008461
0.004174
0.000732
0.001062
0.000928
0.000814
0.153791
0.008194
0.007771
0.002391
0.003484
0.003277
0.002020
0.001165
0.001165
0.002113
0.000144
0.000052
0.001721
0.100590
0.036680
0.005689
0.013388
0.006153
0.005596
0.000763
0.001000
0.001062
0.000804
0.076638
0.005163
0.004298
0.014893
0.002267
0.006070
0.066177
0.051913
0.164540
0.042534
0.021788
0.042802
0.036526
0.004452
0.007060
0.014181
0.001824
0.007266
0.030775
0.024158
0.007544
0.013697
0.009028
0.008245
0.001319
0.001824
0.002030
0.001721
0.124480
0.008606
0.008534
0.003885
0.005318
0.005029
0.003030
0.002649
0.002628
0.003793
0.000175
0.000124
0.003442
0.082090
0.041978
0.009142
0.014295
0.009750
0.007122
0.001618
0.001649
0.001865
0.001835
0.079925
0.006627
0.007287
0.015305
0.003246
0.003813
0.051573
0.051923
0.158490
0.038762
0.017449
0.052047
0.041349
0.003535
0.006266
0.012728
0.001360
0.008946
0.034629
0.029909
0.006380
0.013017
0.010244
0.005802
0.000783
0.001463
0.001031
0.001247
0.136054
0.008060
0.008688
0.003442
0.004597
0.004205
0.003525
0.001494
0.001628
0.002731
0.000093
0.000124
0.002525
0.085779
0.043420
0.007822
0.014666
0.007596
0.007276
0.000886
0.001031
0.001123
0.001206
0.084048
0.005638
0.005988
0.014697
0.002133
0.006431
0.063487
0.052933
0.129725
0.049625
0.026941
0.046708
0.053407
0.005081
0.008812
0.016624
0.002979
0.005112
0.044286
0.031950
0.009327
0.018345
0.010152
0.010595
0.001463
0.001845
0.001711
0.002206
0.145587
0.010399
0.010605
0.004061
0.006843
0.006843
0.003834
0.002927
0.002391
0.004081
0.000155
0.000144
0.004123
0.059035
0.054541
0.010327
0.017500
0.012089
0.009471
0.001556
0.001216
0.001793
0.001701
0.078781
0.006122
0.008760
0.016944
0.003401
0.004308
0.056169
0.036010
0.071113
0.025168
0.009770
0.047718
0.036690
0.001969
0.004092
0.008905
0.000660
0.013099
0.039432
0.031032
0.004153
0.009822
0.010760
0.004298
0.000330
0.001020
0.000608
0.000536
0.200447
0.007183
0.008266
0.002783
0.004123
0.003319
0.002504
0.000928
0.000989
0.001350
0.000010
0.000072
0.002195
0.132384
0.050439
0.006349
0.010677
0.007328
0.005205
0.000598
0.000515
0.000711
0.000402
0.083017
0.004071
0.003803
0.010378
0.001824
0.004257
0.061735
0.037536
0.094540
0.049542
0.024065
0.050862
0.054026
0.004679
0.008575
0.015892
0.002236
0.006163
0.038958
0.029394
0.008503
0.017119
0.010914
0.010420
0.001154
0.001505
0.001865
0.001494
0.122058
0.010255
0.009812
0.004308
0.007472
0.007214
0.003772
0.002577
0.002092
0.003339
0.000062
0.000165
0.004545
0.061199
0.041668
0.009554
0.016593
0.011955
0.009575
0.001340
0.001587
0.001762
0.001546
0.075504
0.006143
0.008585
0.016892
0.002948
0.004524
0.061797
0.039617
0.112174
0.049625
0.027136
0.043029
0.043410
0.005998
0.008111
0.015171
0.002752
0.005967
0.029868
0.024601
0.009265
0.014851
0.009348
0.009420
0.001865
0.001979
0.002195
0.002319
0.122542
0.010162
0.010543
0.004092
0.006132
0.006039
0.003803
0.003133
0.003494
0.004751
0.000165
0.000175
0.003628
0.087593
0.039906
0.010822
0.015356
0.010574
0.008678
0.002288
0.001958
0.002144
0.002247
0.080503
0.007606
0.008534
0.017675
0.003205
0.004092
0.050717
0.055417
0.105114
0.026570
0.010791
0.056922
0.046605
0.001608
0.004555
0.010749
0.000721
0.010244
0.047677
0.033815
0.004112
0.012285
0.009214
0.004957
0.000330
0.000835
0.000814
0.000618
0.204931
0.007946
0.007503
0.002298
0.004823
0.004803
0.002236
0.000660
0.000639
0.001422
0.000062
0.000031
0.002288
0.106639
0.059189
0.006132
0.013017
0.007936
0.004741
0.000412
0.000443
0.000773
0.000536
0.085718
0.003545
0.003721
0.012141
0.001453
0.003793
0.068640
0.029301
0.068805
0.040586
0.020808
0.045420
0.054335
0.004298
0.007390
0.012718
0.001680
0.006235
0.044111
0.034165
0.008760
0.015016
0.010935
0.008317
0.000742
0.001680
0.001525
0.001433
0.165045
0.010255
0.009368
0.004318
0.005916
0.005864
0.004215
0.002144
0.001845
0.003092
0.000093
0.000113
0.003762
0.083460
0.055417
0.009729
0.015501
0.010440
0.008307
0.001144
0.000969
0.001371
0.001196
0.081255
0.005339
0.007008
0.014738
0.002422
0.003618
0.056386
0.033640
0.071876
0.067609
0.036876
0.055901
0.056839
0.007565
0.012100
0.022602
0.004236
0.004823
0.031352
0.022334
0.012739
0.022025
0.012151
0.014532
0.002257
0.002494
0.003082
0.003143
0.083728
0.011986
0.012687
0.005071
0.009100
0.009358
0.005174
0.004720
0.003896
0.006431
0.000227
0.000268
0.005658
0.027312
0.034093
0.013429
0.023055
0.016181
0.011626
0.002226
0.002412
0.003040
0.003164
0.066063
0.008874
0.012100
0.023323
0.004597
0.004658
0.062611
0.043895
0.084378
0.040421
0.017737
0.048666
0.038309
0.003391
0.006163
0.013759
0.001381
0.008595
0.029414
0.023179
0.007008
0.012563
0.010255
0.006009
0.000804
0.001484
0.001515
0.001319
0.122284
0.008606
0.008431
0.003731
0.004844
0.004050
0.003236
0.002226
0.001927
0.003174
0.000103
0.000124
0.002948
0.087768
0.040390
0.008791
0.013656
0.009224
0.008101
0.001134
0.001278
0.001422
0.001360
0.081884
0.005916
0.006472
0.015058
0.002206
0.005060
0.059230
0.051882
0.161510
0.046945
0.020973
0.058633
0.055407
0.003875
0.007565
0.017954
0.001948
0.006709
0.043163
0.027477
0.007266
0.018139
0.012120
0.010306
0.000783
0.001680
0.001814
0.001463
0.128128
0.009863
0.009461
0.003947
0.008523
0.007699
0.003782
0.002041
0.001958
0.003370
0.000144
0.000113
0.004401
0.049666
0.043214
0.008750
0.018902
0.013573
0.008286
0.000907
0.001134
0.002051
0.001494
0.079111
0.005390
0.008060
0.021025
0.003205
0.004947
0.071629
0.038133
0.092870
0.040885
0.017273
0.079152
0.032898
0.003370
0.005483
0.018180
0.001587
0.024045
0.025302
0.029414
0.005029
0.018417
0.011873
0.005421
0.000866
0.001618
0.001618
0.000979
0.151884
0.009688
0.009296
0.003216
0.004009
0.003968
0.003339
0.001360
0.001587
0.003226
0.000103
0.000082
0.002072
0.080595
0.028188
0.007029
0.016439
0.007245
0.006782
0.000845
0.001484
0.001896
0.001103
0.060653
0.005906
0.005875
0.017160
0.002164
0.008204
0.086078
0.036752
0.108360
0.008451
0.004380
0.012131
0.009214
0.001123
0.001680
0.003927
0.000546
0.002535
0.020881
0.008317
0.001226
0.004030
0.002700
0.001196
0.000309
0.000330
0.000649
0.000381
0.116533
0.002731
0.002566
0.000763
0.001340
0.000958
0.000649
0.000423
0.000371
0.000794
0.000021
0.000031
0.000732
0.156037
0.044977
0.002793
0.003958
0.002154
0.001268
0.000319
0.000237
0.000505
0.000412
0.089655
0.003164
0.001350
0.004741
0.001041
0.001041
0.021118
0.068898
0.384415
0.034176
0.016078
0.037443
0.028353
0.003855
0.004390
0.012471
0.001515
0.006483
0.023838
0.019922
0.005442
0.011780
0.007328
0.006194
0.000907
0.001103
0.001371
0.001268
0.111298
0.007297
0.007060
0.002855
0.003968
0.004205
0.002556
0.001958
0.001494
0.002525
0.000082
0.000134
0.002329
0.075051
0.042967
0.007183
0.011574
0.006534
0.005586
0.000979
0.001237
0.001154
0.001144
0.088552
0.005895
0.005308
0.013254
0.002123
0.003813
0.043967
0.080791
0.231212
