0.093089
0.059438
0.055522
0.034068
0.022319
0.015859
0.030762
0.032267
0.014648
0.000732
0.005046
0.000000
0.005768
0.000031
0.000183
0.000000
0.002228
0.000458
0.000234
0.000000
0.002665
0.000000
0.000000
0.000000
0.000112
0.000000
0.000000
0.000000
0.531555
0.005412
0.085897
0.000000
0.001699
0.000000
0.000010
0.000000
0.024058
0.163361
0.102397
0.021118
0.486603
0.010885
0.013102
0.009206
0.053467
0.003031
0.007324
0.005931
0.053558
0.006907
0.013204
0.001760
0.013316
0.000621
0.001333
0.000102
0.000000
0.000000
0.000000
0.000000
0.000000
0.000000
0.000000
0.000000
0.005290
0.000000
0.000000
0.000000
0.003428
0.000000
0.000000
0.000000
0.378113
0.028107
0.022207
0.014384
0.017395
0.019623
0.021057
0.012522
0.014608
0.002218
0.006632
0.002553
0.000051
0.000010
0.000000
0.000000
0.000000
0.000000
0.000000
0.000000
0.000000
0.000000
0.000000
0.000000
0.000000
0.000000
0.000000
0.000000
0.103465
0.010213
0.333801
0.000000
0.012065
0.000376
0.000600
0.000000
0.212524
0.205872
0.087850
0.147481
0.067322
0.053162
0.063232
0.017324
0.059855
0.005239
0.000163
0.000000
0.010518
0.000600
0.000244
0.000000
0.001994
0.000000
0.000000
0.000000
0.007904
0.000000
0.000000
0.000000
0.000621
0.000000
0.000000
0.000000
0.057393
0.000000
0.000488
0.000000
0.000214
0.000000
0.000000
0.000000
0.006073
0.009684
0.189351
0.507467
0.252187
0.019592
0.000102
0.000000
0.000509
0.000651
0.000000
0.000000
0.007751
0.002655
0.000010
0.000000
0.002869
0.000000
0.000000
0.000000
0.001099
0.000000
0.000000
0.000000
0.000000
0.000000
0.000000
0.000000
0.000000
0.000000
0.000000
0.000000
0.000000
0.000000
0.000000
0.000000
0.214233
0.258219
0.129964
0.099599
0.113800
0.088959
0.024292
0.007060
0.002502
0.000000
0.000010
0.000000
0.000559
0.000000
0.000000
0.000000
0.000641
0.000000
0.000000
0.000000
0.001007
0.000000
0.000000
0.000000
0.000041
0.000000
0.000000
0.000000
0.057729
0.000041
0.000112
0.000000
0.001231
0.000000
0.000000
0.000000
0.103648
0.031392
0.018209
0.015584
0.049622
0.079915
0.240153
0.012817
0.079325
0.007904
0.000163
0.000000
0.131877
0.002370
0.001892
0.000000
0.006592
0.000000
0.000010
0.000000
0.000346
0.000000
0.000000
0.000000
0.000051
0.000000
0.000000
0.000000
0.147542
0.070496
0.000092
0.000000
0.000000
0.000000
0.000000
0.000000
0.055806
0.019338
0.003764
0.002665
0.003469
0.002187
0.015096
0.008433
0.005697
0.001678
0.013743
0.002472
0.011739
0.004761
0.005707
0.000275
0.009298
0.000153
0.000437
0.000000
0.108571
0.000000
0.000010
0.000000
0.012451
0.000000
0.000051
0.000000
0.594340
0.113220
0.004588
0.000000
0.000051
0.000000
0.000000
0.000000
0.000000
0.000356
0.001607
0.002574
0.003489
0.008067
0.014638
0.006714
0.000000
0.000000
0.000000
0.000000
0.000000
0.000000
0.000000
0.000000
0.000000
0.000000
0.000000
0.000000
0.000000
0.000000
0.000000
0.000000
0.000000
0.000000
0.000000
0.000000
0.165253
0.004801
0.792501
0.000000
0.000000
0.000000
0.000000
0.000000
0.333018
0.142344
0.039042
0.024048
0.020182
0.023560
0.020253
0.009918
0.064392
0.014526
0.046702
0.028971
0.066010
0.028809
0.003774
0.000163
0.052745
0.038096
0.002899
0.000071
0.014181
0.015879
0.000020
0.000000
0.001007
0.000000
0.000000
0.000000
0.009013
0.000000
0.000112
0.000000
0.000264
0.000000
0.000000
0.000000
0.047465
0.009644
0.033447
0.064280
0.059367
0.046631
0.056702
0.015238
0.000437
0.000000
0.000031
0.000000
0.000000
0.000000
0.000000
0.000000
0.000000
0.000000
0.000000
0.000000
0.000295
0.000000
0.000000
0.000000
0.002930
0.000000
0.000000
0.000000
0.570953
0.079041
0.013448
0.000000
0.000092
0.000000
0.000000
0.000000
0.049815
0.044342
0.090719
0.221486
0.256175
0.156392
0.152313
0.005971
0.000417
0.000000
0.000000
0.000000
0.003316
0.000000
0.000000
0.000000
0.005381
0.000000
0.000000
0.000000
0.000092
0.000000
0.000000
0.000000
0.000275
0.000000
0.000000
0.000000
0.012563
0.000743
0.000000
0.000000
0.000000
0.000000
0.000000
0.000000
0.377777
0.142568
0.037567
0.022786
0.014221
0.007914
0.005086
0.004974
0.010050
0.000315
0.000183
0.000000
0.001984
0.000112
0.000000
0.000000
0.002238
0.000000
0.000000
0.000000
0.163605
0.000326
0.003133
0.000000
0.041077
0.000000
0.000000
0.000000
0.154215
0.002411
0.005208
0.000000
0.002248
0.000000
0.000000
0.000000
0.237834
0.009104
0.005371
0.004364
0.002665
0.002350
0.003143
0.006683
0.081380
0.014760
0.008097
0.000000
0.143168
0.008504
0.005890
0.000000
0.422709
0.002024
0.007314
0.000000
0.030263
0.000061
0.002299
0.000000
0.000020
0.000000
0.000000
0.000000
0.000336
0.000000
0.000000
0.000000
0.001658
0.000000
0.000000
0.000000
0.355092
0.019836
0.036357
0.016093
0.017354
0.041311
0.049205
0.010915
0.007935
0.002319
0.001892
0.000458
0.003347
0.001841
0.000041
0.000387
0.001333
0.000000
0.000000
0.000000
0.007050
0.000000
0.000010
0.000000
0.000010
0.000000
0.000000
0.000000
0.415822
0.010071
0.000326
0.000000
0.000997
0.000000
0.000000
0.000000
0.263062
0.046336
0.019877
0.062307
0.113881
0.057098
0.010417
0.000753
0.026845
0.003866
0.024821
0.025370
0.015889
0.011515
0.011037
0.007904
0.005157
0.008413
0.000244
0.000112
0.017202
0.000041
0.000102
0.000000
0.000356
0.000081
0.000000
0.000000
0.181580
0.006154
0.004913
0.016195
0.058441
0.000020
0.000010
0.000000
0.260956
0.157827
0.182678
0.118520
0.095367
0.079488
0.033223
0.007721
0.022471
0.001628
0.004344
0.000743
0.011007
0.000641
0.000234
0.000000
0.000570
0.000000
0.000000
0.000000
0.001902
0.000000
0.000000
0.000000
0.005829
0.000000
0.000000
0.000000
0.012726
0.000163
0.001689
0.000000
0.000275
0.000000
0.000000
0.000000
0.026428
0.003672
0.004791
0.003316
0.002818
0.002747
0.004232
0.006989
0.000010
0.000000
0.000000
0.000000
0.000000
0.000000
0.000000
0.000000
0.000000
0.000000
0.000000
0.000000
0.000000
0.000000
0.000000
0.000000
0.000092
0.000000
0.000000
0.000000
0.380829
0.000763
0.563273
0.000000
0.000041
0.000000
0.000000
0.000000
0.234599
0.012380
0.007456
0.009755
0.010640
0.015879
0.060699
0.016093
0.256877
0.007894
0.018931
0.008453
0.035604
0.005269
0.003092
0.000631
0.000407
0.000000
0.000000
0.000000
0.000071
0.000000
0.000000
0.000000
0.000020
0.000000
0.000000
0.000000
0.038442
0.241221
0.004537
0.009206
0.001841
0.000000
0.000000
0.000000
0.182027
0.059703
0.016724
0.005788
0.004832
0.004405
0.006938
0.011230
0.046590
0.004425
0.002777
0.000132
0.044515
0.002462
0.001363
0.000051
0.014404
0.000031
0.000061
0.000000
0.026713
0.000000
0.000031
0.000000
0.000743
0.000000
0.000000
0.000000
0.255758
0.013011
0.293070
0.000000
0.001475
0.000387
0.000356
0.000000
0.194021
0.009033
0.018117
0.025126
0.022003
0.017700
0.215291
0.027557
0.198263
0.001302
0.001892
0.000000
0.169352
0.000905
0.007517
0.000000
0.070231
0.001109
0.002879
0.000000
0.000264
0.000000
0.000000
0.000000
0.000000
0.000000
0.000000
0.000000
0.004425
0.000000
0.000000
0.000000
0.012950
0.000010
0.000051
0.000000
0.279521
0.070974
0.041545
0.066711
0.055410
0.068644
0.146840
0.004181
0.017395
0.000061
0.005076
0.000010
0.040599
0.005870
0.018453
0.005809
0.006653
0.000193
0.002268
0.000051
0.000031
0.000000
0.000000
0.000000
0.000020
0.000000
0.000000
0.000000
0.145833
0.017405
0.000020
0.000000
0.000427
0.000000
0.000000
0.000000
0.567973
0.081309
0.019511
0.007863
0.005259
0.008606
0.022705
0.005422
0.019755
0.000336
0.003784
0.000000
0.074768
0.004862
0.003815
0.000000
0.067434
0.000071
0.000183
0.000000
0.022919
0.000000
0.000000
0.000000
0.005575
0.000000
0.000000
0.000000
0.048757
0.000000
0.028788
0.000000
0.000305
0.000000
0.000000
0.000000
0.000773
0.000275
0.001414
0.001078
0.000997
0.001973
0.005320
0.001231
0.002319
0.001282
0.000000
0.000000
0.000000
0.000000
0.000000
0.000000
0.000000
0.000000
0.000000
0.000000
0.000031
0.000000
0.000000
0.000000
0.044840
0.000000
0.004181
0.000000
0.864085
0.002065
0.068075
0.000000
0.000061
0.000000
0.000000
0.000000
0.086975
0.032288
0.013031
0.019602
0.028076
0.014119
0.006948
0.003906
0.006154
0.004649
0.003896
0.003418
0.043040
0.005768
0.000224
0.000000
0.005737
0.001648
0.000275
0.000000
0.000488
0.000010
0.000010
0.000000
0.001007
0.000000
0.000000
0.000000
0.519806
0.015066
0.180827
0.000000
0.002645
0.000142
0.000244
0.000000
0.287181
0.023061
0.005056
0.004008
0.003937
0.003743
0.004649
0.006744
0.018677
0.004181
0.004415
0.000153
0.001597
0.000824
0.000366
0.000305
0.027425
0.000031
0.000000
0.000000
0.017395
0.000000
0.000000
0.000000
0.000010
0.000000
0.000000
0.000000
0.542735
0.003215
0.026988
0.000000
0.012624
0.000539
0.000142
0.000000
0.104940
0.013723
0.013092
0.011851
0.008606
0.006653
0.015472
0.015004
0.056895
0.002543
0.001475
0.000000
0.344910
0.124461
0.026082
0.000600
0.017008
0.001485
0.000000
0.000000
0.042501
0.000000
0.000000
0.000000
0.069031
0.000000
0.000000
0.000000
0.089030
0.029592
0.004995
0.000000
0.000051
0.000000
0.000000
0.000000
0.179372
0.091380
0.042633
0.039622
0.033478
0.027944
0.050232
0.042257
0.024963
0.006470
0.002309
0.000000
0.044149
0.007945
0.000732
0.000051
0.009552
0.002747
0.000264
0.000916
0.025625
0.000427
0.000000
0.000000
0.010935
0.002207
0.000071
0.000000
0.123474
0.228139
0.000376
0.000224
0.001506
0.000000
0.000000
0.000000
0.274373
0.006571
0.018372
0.026428
0.014771
0.003662
0.002167
0.000895
0.000000
0.000000
0.000000
0.000000
0.000000
0.000000
0.000000
0.000000
0.010651
0.000641
0.000122
0.000000
0.038829
0.000661
0.000244
0.000000
0.008403
0.000804
0.000010
0.000000
0.112854
0.102539
0.376648
0.000356
0.000000
0.000000
0.000000
0.000000
0.206441
0.189189
0.011515
0.006602
0.005493
0.004140
0.004384
0.008677
0.000112
0.000000
0.000000
0.000000
0.000041
0.000000
0.000000
0.000000
0.000275
0.000000
0.000000
0.000000
0.001953
0.000000
0.000000
0.000000
0.000061
0.000000
0.000000
0.000000
0.261464
0.001994
0.297557
0.000000
0.000102
0.000000
0.000000
0.000000
0.069804
0.053660
0.055786
0.042216
0.018636
0.015961
0.407440
0.011037
0.013194
0.001414
0.001170
0.000020
0.003916
0.000824
0.000214
0.000102
0.001465
0.001261
0.000285
0.000173
0.039856
0.000041
0.000000
0.000000
0.017863
0.000000
0.000000
0.000000
0.208577
0.032511
0.002014
0.000000
0.000559
0.000000
0.000000
0.000000
0.231069
0.082133
0.056325
0.042786
0.027262
0.025492
0.130564
0.001699
0.004395
0.000102
0.000173
0.000000
0.064392
0.003479
0.002238
0.000000
0.047139
0.001017
0.000488
0.000000
0.084045
0.000000
0.000203
0.000000
0.002319
0.000000
0.000000
0.000000
0.114126
0.078440
0.000112
0.000000
0.000000
0.000000
0.000000
0.000000
0.100352
0.064260
0.039337
0.040843
0.058390
0.022044
0.022257
0.019124
0.014903
0.000763
0.001770
0.000031
0.000041
0.000000
0.000000
0.000000
0.000000
0.000000
0.000000
0.000000
0.000020
0.000000
0.000000
0.000000
0.000081
0.000000
0.000000
0.000000
0.609467
0.001485
0.000834
0.000000
0.003845
0.000142
0.000010
0.000000
0.158356
0.034139
0.031006
0.044291
0.045573
0.051819
0.022115
0.008118
0.002157
0.005157
0.001729
0.001170
0.006683
0.001444
0.001719
0.002065
0.045827
0.005452
0.027924
0.002218
0.175629
0.000661
0.035177
0.000000
0.033824
0.001841
0.000122
0.000000
0.198171
0.040812
0.014730
0.000000
0.000071
0.000000
0.000000
0.000000
0.169769
0.031871
0.032857
0.044149
0.069560
0.068736
0.106832
0.017812
0.011790
0.001394
0.004506
0.000478
0.151723
0.102020
0.019786
0.000010
0.033539
0.000865
0.003042
0.000000
0.100433
0.000621
0.017069
0.000000
0.000732
0.000000
0.000000
0.000000
0.007426
0.002513
0.000071
0.000000
0.000397
0.000000
0.000000
0.000000
0.110881
0.039012
0.021922
0.013723
0.007782
0.004781
0.010549
0.006348
0.190582
0.000773
0.002136
0.000000
0.285970
0.002065
0.002431
0.000000
0.001597
0.000010
0.000000
0.000000
0.000153
0.000000
0.000000
0.000000
0.003123
0.000000
0.000000
0.000000
0.104889
0.181386
0.003510
0.006368
0.000010
0.000000
0.000000
0.000000
0.101552
0.023407
0.027049
0.012614
0.006002
0.007161
0.008026
0.005890
0.029622
0.000163
0.003937
0.000000
0.358246
0.006317
0.003001
0.000000
0.036804
0.002492
0.000315
0.000000
0.020233
0.000315
0.000000
0.000000
0.008484
0.000000
0.000000
0.000000
0.328186
0.000519
0.009664
0.000000
0.000000
0.000000
0.000000
0.000000
0.176514
0.119476
0.114176
0.047882
0.050344
0.032298
0.110087
0.024424
0.014893
0.006368
0.005992
0.008097
0.030334
0.005920
0.012716
0.010844
0.044759
0.000427
0.000092
0.000000
0.121796
0.000000
0.000010
0.000000
0.024821
0.000000
0.000000
0.000000
0.036001
0.000142
0.001455
0.000000
0.000132
0.000000
0.000000
0.000000
0.397329
0.111125
0.055176
0.048940
0.040639
0.032338
0.031148
0.012705
0.035197
0.002391
0.007294
0.000264
0.000671
0.000000
0.000000
0.000000
0.000010
0.000000
0.000000
0.000000
0.001567
0.000000
0.000000
0.000000
0.002187
0.000000
0.000000
0.000000
0.202810
0.011149
0.001597
0.000000
0.005432
0.000020
0.000010
0.000000
0.078206
0.064463
0.038778
0.026449
0.025187
0.028280
0.047913
0.007538
0.002940
0.000071
0.000000
0.000000
0.078461
0.056213
0.002279
0.000000
0.072581
0.007843
0.005025
0.000010
0.175364
0.004588
0.007762
0.000000
0.004222
0.000000
0.000000
0.000000
0.187225
0.078573
0.000031
0.000000
0.000000
0.000000
0.000000
0.000000
0.025452
0.012746
0.019135
0.015391
0.014262
0.011668
0.004262
0.000041
0.000000
0.000000
0.000000
0.000000
0.000000
0.000000
0.000000
0.000000
0.000498
0.000000
0.000000
0.000000
0.047201
0.000000
0.000000
0.000000
0.035238
0.000000
0.000081
0.000000
0.760915
0.052175
0.000936
0.000000
0.000000
0.000000
0.000000
0.000000
0.040232
0.006134
0.002258
0.001668
0.002116
0.002268
0.003459
0.004405
0.002838
0.002391
0.003337
0.001526
0.001902
0.001241
0.000244
0.000000
0.000193
0.000010
0.000000
0.000000
0.008514
0.000000
0.000000
0.000000
0.108409
0.000010
0.000000
0.000000
0.656972
0.145742
0.003988
0.000000
0.000142
0.000000
0.000000
0.000000
0.255798
0.128591
0.087453
0.085093
0.049520
0.017253
0.019684
0.009115
0.000590
0.000000
0.000000
0.000000
0.027740
0.000102
0.000153
0.000010
0.095042
0.001200
0.004405
0.000010
0.126963
0.002360
0.050741
0.000000
0.000071
0.000000
0.000000
0.000000
0.024872
0.013153
0.000031
0.000000
0.000051
0.000000
0.000000
0.000000
0.150055
0.012431
0.015493
0.030558
0.024567
0.018606
0.023499
0.006755
0.018148
0.002340
0.023590
0.006063
0.092733
0.012634
0.024719
0.009847
0.004761
0.000010
0.000081
0.000010
0.001078
0.000000
0.000000
0.000000
0.000081
0.000000
0.000000
0.000000
0.407562
0.010478
0.103455
0.000000
0.000448
0.000000
0.000000
0.000000
0.000295
0.000509
0.005239
0.008850
0.009288
0.005198
0.002899
0.001099
0.003611
0.001404
0.000336
0.000061
0.000346
0.000224
0.000000
0.000000
0.000000
0.000000
0.000000
0.000000
0.000000
0.000000
0.000000
0.000000
0.000010
0.000000
0.000000
0.000000
0.909902
0.001567
0.031616
0.000000
0.016581
0.000651
0.000315
0.000000
0.543040
0.026316
0.039113
0.034556
0.039378
0.051473
0.057017
0.015310
0.000844
0.000081
0.000081
0.000000
0.010722
0.040558
0.000763
0.000020
0.022115
0.000793
0.015859
0.000010
0.010213
0.000010
0.021983
0.000000
0.007528
0.000000
0.000234
0.000000
0.061534
0.000031
0.000366
0.000000
0.000051
0.000000
0.000000
0.000000
0.099884
0.061412
0.052490
0.042135
0.016439
0.022878
0.110870
0.020152
0.000010
0.000000
0.000000
0.000000
0.000000
0.000000
0.000000
0.000000
0.000112
0.000000
0.000000
0.000000
0.003825
0.000000
0.000000
0.000000
0.063395
0.000000
0.013702
0.000000
0.359243
0.082560
0.050893
0.000000
0.000000
0.000000
0.000000
0.000000
0.115794
0.016012
0.009725
0.010824
0.017344
0.058645
0.547455
0.038239
0.016296
0.002482
0.014038
0.001200
0.011159
0.026845
0.013011
0.014781
0.000244
0.003245
0.000010
0.000051
0.000163
0.000051
0.000000
0.000000
0.000000
0.000000
0.000000
0.000000
0.024740
0.017609
0.032288
0.002858
0.003703
0.000275
0.000916
0.000000
0.154480
0.015137
0.007741
0.009633
0.011119
0.011200
0.034342
0.013438
0.009379
0.005697
0.008189
0.001211
0.003113
0.001790
0.000336
0.000000
0.008453
0.000061
0.000346
0.000000
0.033264
0.000000
0.001862
0.000000
0.001200
0.000000
0.000000
0.000000
0.640147
0.002625
0.001190
0.000000
0.009318
0.014353
0.000376
0.000000
0.178833
0.029378
0.020101
0.016378
0.011851
0.010590
0.021820
0.018921
0.083099
0.016754
0.065002
0.002421
0.088928
0.068644
0.026581
0.001729
0.017934
0.010244
0.002055
0.000264
0.012380
0.000692
0.000234
0.000000
0.014445
0.000285
0.000010
0.000000
0.268860
0.002492
0.005290
0.000275
0.002950
0.000234
0.000326
0.000000
0.137929
0.048157
0.036875
0.037984
0.030874
0.102366
0.004903
0.005188
0.039256
0.006226
0.034292
0.000437
0.009013
0.001383
0.000387
0.000000
0.002991
0.003357
0.000224
0.000336
0.000244
0.000000
0.000000
0.000000
0.000132
0.000000
0.000000
0.000000
0.433807
0.054413
0.000214
0.000092
0.006063
0.000132
0.001963
0.000763
0.042857
0.041870
0.015086
0.012105
0.011810
0.011729
0.028442
0.010427
0.003693
0.000407
0.004883
0.002136
0.027313
0.010162
0.012441
0.013000
0.031871
0.013123
0.000743
0.000031
0.010366
0.000071
0.000000
0.000000
0.004567
0.000000
0.000000
0.000000
0.395447
0.214996
0.080424
0.000000
0.000000
0.000000
0.000000
0.000000
0.032928
0.088745
0.019409
0.009583
0.006907
0.008057
0.022573
0.013428
0.024750
0.013509
0.011088
0.009420
0.003103
0.000478
0.000437
0.000000
0.002177
0.001465
0.000285
0.000295
0.000549
0.000112
0.000020
0.000000
0.000254
0.000000
0.000000
0.000000
0.400574
0.263133
0.056732
0.000000
0.007284
0.002625
0.000081
0.000000
0.038137
0.013590
0.007263
0.010071
0.025970
0.035339
0.055766
0.004710
0.030111
0.042592
0.026052
0.032522
0.065796
0.020650
0.006093
0.006877
0.006683
0.018758
0.004588
0.031596
0.001658
0.000600
0.000000
0.000753
0.000264
0.000193
0.000000
0.000000
0.143138
0.065582
0.270660
0.009145
0.016317
0.006795
0.001719
0.000010
0.173584
0.142029
0.056712
0.035522
0.026479
0.028320
0.028554
0.014191
0.004374
0.001617
0.002787
0.001109
0.091766
0.018280
0.029633
0.005697
0.088857
0.033020
0.028402
0.008321
0.005452
0.000051
0.000020
0.000000
0.002930
0.000041
0.000000
0.000000
0.073761
0.059774
0.038381
0.000305
0.000031
0.000000
0.000000
0.000000
0.138733
0.084351
0.079183
0.041829
0.027751
0.028931
0.108612
0.009471
0.033702
0.037984
0.009867
0.000000
0.138000
0.022634
0.049032
0.000865
0.039378
0.014333
0.018402
0.001953
0.066884
0.000000
0.002228
0.000000
0.001129
0.000000
0.000000
0.000000
0.040517
0.000702
0.002533
0.000000
0.000997
0.000000
0.000000
0.000000
0.263652
0.107666
0.079081
0.118073
0.146322
0.056834
0.007304
0.000936
0.026967
0.011953
0.016612
0.007222
0.032532
0.000549
0.000458
0.000000
0.033763
0.000000
0.000234
0.000000
0.033142
0.000000
0.002767
0.000000
0.000590
0.000000
0.000000
0.000000
0.048452
0.000224
0.000376
0.000000
0.004283
0.000000
0.000010
0.000000
0.027781
0.043833
0.116170
0.037567
0.082286
0.272817
0.062174
0.007385
0.059937
0.000163
0.000519
0.000000
0.202423
0.005585
0.006571
0.000081
0.000224
0.000071
0.000061
0.000000
0.000000
0.000000
0.000000
0.000000
0.000000
0.000000
0.000000
0.000000
0.000010
0.000000
0.000000
0.000000
0.074341
0.000000
0.000000
0.000000
0.028330
0.001821
0.001811
0.001272
0.000875
0.000753
0.001180
0.003764
0.001455
0.001516
0.000844
0.000000
0.001506
0.001648
0.000437
0.000000
0.001536
0.000305
0.000173
0.000000
0.259806
0.005381
0.032135
0.000000
0.023702
0.000000
0.000000
0.000000
0.364085
0.093414
0.169861
0.001322
0.001068
0.000000
0.000000
0.000000
0.035451
0.018483
0.026733
0.068553
0.021708
0.059733
0.046377
0.005280
0.018911
0.000722
0.003764
0.000000
0.002452
0.000000
0.000183
0.000000
0.000000
0.000000
0.000000
0.000000
0.000102
0.000000
0.000000
0.000000
0.001302
0.000000
0.000000
0.000000
0.425313
0.263906
0.000000
0.000000
0.000977
0.000041
0.000010
0.000000
0.091268
0.032104
0.028910
0.047221
0.102122
0.216970
0.133443
0.028941
0.030955
0.006236
0.006714
0.000570
0.097595
0.001892
0.001455
0.000000
0.135193
0.001078
0.001414
0.000000
0.016632
0.000366
0.000020
0.000000
0.000061
0.000000
0.000000
0.000000
0.009857
0.000570
0.005554
0.000000
0.002706
0.000142
0.000010
0.000000
0.123271
0.032644
0.058533
0.234853
0.187307
0.104543
0.120097
0.003255
0.032267
0.004028
0.005615
0.000275
0.040070
0.004537
0.006632
0.000163
0.014404
0.000682
0.000865
0.000000
0.005280
0.000000
0.000000
0.000000
0.000112
0.000000
0.000000
0.000000
0.013184
0.000010
0.005473
0.000000
0.001841
0.000061
0.000000
0.000000
0.023417
0.000061
0.000132
0.000478
0.001017
0.002665
0.023275
0.021159
0.027903
0.003601
0.001740
0.000061
0.010701
0.007792
0.000214
0.005280
0.000000
0.000112
0.000000
0.000000
0.000000
0.000000
0.000000
0.000000
0.000000
0.000000
0.000000
0.000000
0.476359
0.206370
0.096425
0.017965
0.060120
0.000956
0.012197
0.000000
0.014943
0.430074
0.425405
0.006592
0.003031
0.002268
0.002970
0.000458
0.028931
0.000946
0.003825
0.000000
0.056040
0.008647
0.004913
0.000020
0.002492
0.001282
0.000529
0.000031
0.005514
0.000010
0.000295
0.000000
0.000132
0.000000
0.000000
0.000000
0.000448
0.000000
0.000000
0.000000
0.000203
0.000000
0.000000
0.000000
0.020935
0.065847
0.163401
0.207113
0.068827
0.009898
0.007345
0.009379
0.004038
0.000783
0.001007
0.000000
0.005025
0.002787
0.000682
0.000000
0.000285
0.000000
0.000000
0.000000
0.000570
0.000000
0.000000
0.000000
0.000295
0.000000
0.000000
0.000000
0.430115
0.000183
0.000977
0.000000
0.000509
0.000000
0.000000
0.000000
0.100952
0.131663
0.145182
0.103709
0.055684
0.120707
0.206594
0.010274
0.026082
0.001455
0.003774
0.000478
0.007996
0.000590
0.000651
0.000031
0.001648
0.000041
0.000020
0.000000
0.020711
0.000041
0.008474
0.000000
0.006958
0.000000
0.000020
0.000000
0.027364
0.001485
0.015981
0.000000
0.001383
0.000041
0.000010
0.000000
0.047221
0.028371
0.062347
0.028392
0.013163
0.004191
0.003794
0.002960
0.018880
0.003540
0.019765
0.000112
0.002441
0.004649
0.004954
0.003042
0.002513
0.000254
0.000142
0.000254
0.009410
0.000000
0.000010
0.000000
0.074961
0.000000
0.011475
0.000000
0.606354
0.005391
0.038635
0.000193
0.002533
0.000000
0.000051
0.000000
0.271535
0.245178
0.141876
0.020996
0.059591
0.133738
0.065969
0.003001
0.035268
0.006134
0.004659
0.001617
0.003052
0.000682
0.000468
0.000031
0.000295
0.000112
0.000031
0.000000
0.000020
0.000000
0.000000
0.000000
0.000000
0.000000
0.000000
0.000000
0.004496
0.000000
0.000051
0.000000
0.001088
0.000000
0.000112
0.000000
0.148143
0.039154
0.027486
0.028544
0.044108
0.080098
0.065186
0.008860
0.033162
0.014364
0.006602
0.001740
0.000264
0.000000
0.000000
0.000000
0.000000
0.000000
0.000000
0.000000
0.000000
0.000000
0.000000
0.000000
0.000000
0.000000
0.000000
0.000000
0.479960
0.013896
0.001444
0.000000
0.005961
0.000020
0.001007
0.000000
0.000458
0.170237
0.146647
0.179047
0.301636
0.044718
0.000417
0.000000
0.005768
0.000590
0.000356
0.000010
0.093038
0.025380
0.001312
0.000020
0.015686
0.005564
0.000142
0.000010
0.000000
0.000000
0.000000
0.000000
0.001373
0.000000
0.000000
0.000000
0.007589
0.000000
0.000000
0.000000
0.000000
0.000000
0.000000
0.000000
0.087138
0.070760
0.035583
0.124247
0.219299
0.017466
0.020742
0.007294
0.018677
0.001740
0.006358
0.000092
0.000590
0.000000
0.000346
0.000000
0.000000
0.000000
0.000000
0.000000
0.012543
0.000000
0.000000
0.000000
0.049337
0.000000
0.000000
0.000000
0.323649
0.000051
0.000000
0.000000
0.004008
0.000051
0.000031
0.000000
0.000010
0.013906
0.225850
0.104319
0.041209
0.326752
0.204915
0.016734
0.001475
0.000000
0.000000
0.000000
0.037465
0.025838
0.000407
0.000020
0.000275
0.000031
0.000000
0.000000
0.000509
0.000000
0.000000
0.000000
0.000000
0.000000
0.000000
0.000000
0.000264
0.000000
0.000000
0.000000
0.000020
0.000000
0.000000
0.000000
0.016062
0.043630
0.061330
0.220195
0.096456
0.033040
0.002858
0.000010
0.048899
0.004893
0.007233
0.000448
0.020172
0.137278
0.001963
0.001444
0.000000
0.001577
0.000000
0.000000
0.000000
0.000000
0.000000
0.000000
0.000000
0.000000
0.000000
0.000000
0.271454
0.000020
0.000000
0.000000
0.031036
0.000000
0.000000
0.000000
0.118449
0.000163
0.000000
0.000000
0.000000
0.000000
0.000336
0.000966
0.241252
0.370056
0.027374
0.001984
0.000020
0.008209
0.000142
0.003479
0.000000
0.001129
0.000000
0.001007
0.000000
0.000000
0.000000
0.000000
0.000000
0.000000
0.000000
0.000000
0.001027
0.000000
0.000000
0.000000
0.221476
0.000000
0.002930
0.000000
0.295858
0.078776
0.048950
0.039063
0.025248
0.023285
0.029785
0.012136
0.006134
0.000020
0.000407
0.000000
0.051676
0.000966
0.005544
0.000000
0.009379
0.000031
0.000092
0.000000
0.012197
0.000051
0.000051
0.000000
0.001312
0.000000
0.000000
0.000000
0.350037
0.000122
0.008881
0.000000
0.000000
0.000000
0.000000
0.000000
0.008016
0.080302
0.075938
0.064738
0.150065
0.170380
0.111023
0.000539
0.000010
0.000000
0.000000
0.000000
0.008769
0.004649
0.000193
0.000000
0.002279
0.001567
0.000000
0.000000
0.000031
0.000000
0.000000
0.000000
0.000000
0.000000
0.000000
0.000000
0.321330
0.000173
0.000000
0.000000
0.000000
0.000000
0.000000
0.000000
0.000946
0.004161
0.009308
0.007792
0.008942
0.002635
0.003957
0.000875
0.003550
0.000315
0.000122
0.000000
0.006663
0.004222
0.003326
0.002930
0.000041
0.000000
0.000000
0.000000
0.000000
0.000000
0.000000
0.000000
0.000000
0.000000
0.000000
0.000000
0.576508
0.000549
0.363149
0.000000
0.000010
0.000000
0.000000
0.000000
0.009501
0.000163
0.000844
0.000081
0.000000
0.000000
0.000000
0.000000
0.000651
0.000519
0.000000
0.000000
0.000000
0.000000
0.000000
0.000000
0.000000
0.000000
0.000000
0.000000
0.000000
0.000000
0.000000
0.000000
0.000407
0.000000
0.000000
0.000000
0.881348
0.000000
0.106384
0.000000
0.000102
0.000000
0.000000
0.000000
0.011729
0.002533
0.001943
0.002716
0.004679
0.007965
0.024007
0.008962
0.002126
0.000031
0.000804
0.000000
0.000224
0.000000
0.000000
0.000000
0.000000
0.000000
0.000000
0.000000
0.000000
0.000000
0.000000
0.000000
0.000000
0.000000
0.000000
0.000000
0.118347
0.497874
0.315633
0.000000
0.000427
0.000000
0.000000
0.000000
0.083405
0.136658
0.076670
0.119883
0.347066
0.012797
0.001251
0.001048
0.108378
0.001119
0.001516
0.000000
0.001261
0.000692
0.000051
0.000000
0.000000
0.000000
0.000000
0.000000
0.000010
0.000000
0.000000
0.000000
0.000132
0.000000
0.000000
0.000000
0.094838
0.002157
0.002441
0.000000
0.008626
0.000000
0.000000
0.000000
0.066345
0.074860
0.000580
0.000163
0.000305
0.000234
0.000315
0.000275
0.453349
0.130381
0.029277
0.000000
0.202993
0.020772
0.006978
0.000000
0.010081
0.000000
0.000000
0.000000
0.000000
0.000000
0.000000
0.000000
0.000000
0.000000
0.000000
0.000000
0.000071
0.000000
0.000031
0.000000
0.002838
0.000031
0.000122
0.000000
0.171132
0.280518
0.151988
0.185374
0.055389
0.018982
0.012268
0.006185
0.036662
0.001149
0.012227
0.000000
0.015310
0.006358
0.006643
0.000275
0.000295
0.000000
0.000000
0.000000
0.000875
0.000000
0.000000
0.000000
0.001109
0.000000
0.000000
0.000000
0.021200
0.002838
0.010132
0.001526
0.001567
0.000000
0.000000
0.000000
0.734344
0.001811
0.000926
0.001007
0.000885
0.000844
0.001628
0.001383
0.009145
0.002431
0.085347
0.004222
0.013295
0.007589
0.028514
0.018046
0.024404
0.009125
0.034180
0.001048
0.007294
0.001587
0.007161
0.000366
0.001434
0.000804
0.000092
0.000000
0.000305
0.000773
0.000000
0.000000
0.000010
0.000000
0.000000
0.000000
0.112579
0.031576
0.023041
0.038310
0.116882
0.095062
0.017273
0.003601
0.019786
0.000946
0.002126
0.000000
0.009481
0.003204
0.000712
0.000000
0.000295
0.000051
0.000000
0.000000
0.004639
0.000000
0.000000
0.000000
0.052114
0.008464
0.001109
0.000000
0.193583
0.024038
0.240611
0.000000
0.000519
0.000000
0.000000
0.000000
0.020142
0.025350
0.043223
0.119995
0.224060
0.274567
0.219584
0.003469
0.000753
0.000224
0.000244
0.000000
0.000417
0.000010
0.000000
0.000000
0.000468
0.000000
0.000000
0.000000
0.055440
0.000193
0.000000
0.000000
0.007314
0.000000
0.000000
0.000000
0.004537
0.000000
0.000000
0.000000
0.000010
0.000000
0.000000
0.000000
0.079264
0.062246
0.050283
0.046814
0.046061
0.052175
0.125610
0.063975
0.043640
0.003866
0.000509
0.000000
0.009226
0.001129
0.000183
0.000000
0.004293
0.000254
0.000122
0.000000
0.036245
0.000000
0.000122
0.000000
0.003977
0.000000
0.000000
0.000000
0.114410
0.240021
0.012950
0.000081
0.002543
0.000000
0.000000
0.000000
0.107859
0.013723
0.008057
0.016683
0.055715
0.113057
0.144216
0.017487
0.030182
0.005595
0.017843
0.000051
0.000997
0.000387
0.000224
0.000000
0.000031
0.000000
0.000000
0.000000
0.000000
0.000000
0.000000
0.000000
0.000000
0.000000
0.000000
0.000000
0.321208
0.019480
0.122355
0.000000
0.004028
0.000020
0.000804
0.000000
0.096385
0.032420
0.024384
0.015961
0.007467
0.006653
0.008942
0.010315
0.019399
0.011312
0.039622
0.028280
0.020681
0.000529
0.000946
0.000000
0.139974
0.001536
0.008362
0.000000
0.153941
0.000193
0.033427
0.000000
0.007416
0.000000
0.000010
0.000000
0.115641
0.113658
0.040761
0.046254
0.014882
0.000356
0.000295
0.000000
0.238861
0.025696
0.029277
0.034424
0.029419
0.024648
0.174978
0.026744
0.059479
0.003571
0.006348
0.000000
0.004140
0.000763
0.000437
0.000020
0.005127
0.000000
0.000000
0.000000
0.022664
0.000000
0.000010
0.000000
0.000000
0.000000
0.000000
0.000000
0.128611
0.073934
0.010315
0.000051
0.098063
0.000427
0.001994
0.000000
0.067546
0.009644
0.013163
0.023814
0.021891
0.026031
0.052073
0.020121
0.180115
0.016001
0.020162
0.000000
0.079081
0.048370
0.002523
0.000000
0.000000
0.000000
0.000000
0.000000
0.000000
0.000000
0.000000
0.000000
0.000000
0.000000
0.000000
0.000000
0.073354
0.150055
0.133403
0.057810
0.004842
0.000000
0.000000
0.000000
0.066844
0.079397
0.140086
0.138072
0.076711
0.198049
0.257538
0.003174
0.009237
0.000183
0.000529
0.000000
0.008087
0.000010
0.000000
0.000000
0.022074
0.000000
0.000000
0.000000
0.000000
0.000000
0.000000
0.000000
0.000000
0.000000
0.000000
0.000000
0.000000
0.000000
0.000000
0.000000
0.000010
0.000000
0.000000
0.000000
0.136892
0.000000
0.000010
0.000000
0.000000
0.000000
0.000000
0.000000
0.016876
0.001251
0.524485
0.139140
0.000071
0.000153
0.000387
0.180735
0.000000
0.000000
0.000000
0.000000
0.000000
0.000000
0.000000
0.000000
0.000000
0.000000
0.000000
0.000000
0.000000
0.000000
0.000000
0.000000
0.000000
0.000000
0.000000
0.000000
0.026326
0.004567
0.003042
0.003438
0.004995
0.008993
0.105296
0.004832
0.013234
0.014689
0.054006
0.012156
0.001353
0.000336
0.000071
0.000000
0.000387
0.000010
0.000000
0.000000
0.000478
0.000000
0.000000
0.000000
0.023865
0.020742
0.003184
0.000000
0.345347
0.250946
0.097371
0.000000
0.000336
0.000000
0.000000
0.000000
0.203684
0.009054
0.004873
0.006704
0.016337
0.029104
0.012685
0.000804
0.002523
0.000753
0.007243
0.000610
0.000936
0.000092
0.000000
0.000000
0.000010
0.000000
0.000000
0.000000
0.000000
0.000000
0.000000
0.000000
0.000000
0.000000
0.000000
0.000000
0.547068
0.025319
0.132161
0.000000
0.000041
0.000000
0.000000
0.000000
0.082225
0.008586
0.010895
0.016174
0.027120
0.031545
0.310059
0.040192
0.024862
0.008525
0.012817
0.000305
0.017151
0.004618
0.011342
0.000000
0.004008
0.000000
0.002625
0.000000
0.000285
0.000000
0.000000
0.000000
0.000010
0.000010
0.000000
0.000000
0.107524
0.217061
0.061900
0.000000
0.000163
0.000000
0.000000
0.000000
0.213989
0.008636
0.012512
0.014893
0.019165
0.054036
0.160553
0.054525
0.053670
0.033793
0.032125
0.005656
0.014364
0.005300
0.012278
0.004862
0.001333
0.000000
0.000071
0.000000
0.004395
0.000000
0.000041
0.000000
0.009369
0.000000
0.018300
0.000000
0.044657
0.029429
0.185659
0.000000
0.006388
0.000000
0.000000
0.000000
0.033905
0.013468
0.070648
0.252157
0.316060
0.176809
0.119303
0.005381
0.009115
0.001251
0.000580
0.000000
0.000519
0.000031
0.000020
0.000000
0.000010
0.000000
0.000000
0.000000
0.000000
0.000000
0.000000
0.000000
0.000010
0.000000
0.000000
0.000000
0.000519
0.000000
0.000000
0.000000
0.000214
0.000000
0.000000
0.000000
0.017192
0.158468
0.334656
0.301554
0.113536
0.046519
0.005493
0.005259
0.008962
0.000814
0.002289
0.000336
0.002482
0.000031
0.000305
0.000000
0.000987
0.000000
0.000214
0.000000
0.000732
0.000000
0.000000
0.000000
0.000000
0.000000
0.000000
0.000000
0.000132
0.000000
0.000000
0.000000
0.000041
0.000000
0.000000
0.000000
0.217316
0.004944
0.001007
0.000885
0.002411
0.005534
0.030986
0.012736
0.005686
0.003296
0.006836
0.000448
0.087545
0.026550
0.055033
0.000163
0.021912
0.000254
0.054128
0.000000
0.002777
0.000000
0.000519
0.000000
0.000071
0.000000
0.000000
0.000000
0.035431
0.009145
0.376058
0.000000
0.011617
0.005798
0.017273
0.003642
0.435771
0.073161
0.050242
0.042653
0.033539
0.027639
0.035136
0.011709
0.058604
0.006022
0.012136
0.000397
0.039968
0.037160
0.005076
0.003265
0.005452
0.001190
0.000010
0.000020
0.022064
0.000071
0.000366
0.000000
0.001638
0.000092
0.000031
0.000000
0.072947
0.008626
0.012838
0.000081
0.002085
0.000000
0.000010
0.000000
