0.036433
0.014470
0.056819
0.035361
0.002298
0.005287
0.011914
0.001092
0.009595
0.031032
0.024343
0.005277
0.011770
0.009265
0.005565
0.000453
0.001062
0.001185
0.000938
0.103393
0.006854
0.007070
0.002896
0.004349
0.004380
0.003020
0.001463
0.001360
0.002133
0.000041
0.000124
0.002247
0.106804
0.029579
0.005885
0.012759
0.007328
0.007225
0.000763
0.000928
0.001154
0.000732
0.063178
0.003813
0.005019
0.013130
0.001618
0.006441
0.062879
0.037319
0.229954
0.025498
0.009430
0.041648
0.030548
0.001237
0.003978
0.008987
0.000629
0.008080
0.030033
0.018479
0.003514
0.008997
0.007585
0.004586
0.000186
0.000649
0.000773
0.000526
0.086985
0.005256
0.005411
0.002793
0.004679
0.003690
0.002175
0.000825
0.000660
0.001494
0.000000
0.000021
0.002340
0.084986
0.026714
0.004339
0.008966
0.006926
0.005194
0.000443
0.000484
0.000814
0.000495
0.058880
0.002525
0.003648
0.009977
0.001092
0.003432
0.049903
0.029023
0.380468
0.031218
0.013604
0.040555
0.026796
0.002504
0.004865
0.011615
0.001103
0.008863
0.027734
0.016408
0.004411
0.010615
0.007853
0.005163
0.000464
0.001144
0.001237
0.000958
0.109041
0.005596
0.006751
0.002041
0.004514
0.003514
0.002226
0.001247
0.001031
0.002092
0.000031
0.000103
0.002020
0.100445
0.041854
0.005174
0.011842
0.007183
0.005246
0.000752
0.000907
0.001216
0.000886
0.086047
0.004710
0.004514
0.012409
0.002041
0.004360
0.052871
0.062704
0.237519
0.051820
0.026260
0.055376
0.035577
0.005143
0.007297
0.025384
0.003473
0.007874
0.029682
0.021138
0.007317
0.025075
0.008369
0.008760
0.001144
0.001402
0.002989
0.001896
0.165921
0.008214
0.008482
0.003185
0.007307
0.006895
0.002711
0.002350
0.002340
0.006256
0.000134
0.000093
0.003061
0.058365
0.036000
0.008224
0.027848
0.011090
0.005720
0.001319
0.001154
0.003607
0.001752
0.057148
0.006122
0.007019
0.027209
0.004081
0.004494
0.062281
0.042864
0.090778
0.010677
0.003092
0.033063
0.019098
0.000423
0.001773
0.005514
0.000052
0.012821
0.031032
0.012326
0.001237
0.004566
0.007256
0.002144
0.000041
0.000371
0.000247
0.000155
0.118646
0.005473
0.005627
0.001587
0.003968
0.001835
0.001000
0.000289
0.000165
0.000412
0.000010
0.000000
0.001092
0.158243
0.032815
0.003267
0.005802
0.006070
0.002010
0.000175
0.000124
0.000402
0.000144
0.092252
0.002669
0.001577
0.005607
0.001835
0.001402
0.045523
0.061972
0.292122
0.053284
0.014604
0.106815
0.038680
0.002638
0.005813
0.016490
0.000794
0.024663
0.025673
0.037299
0.005514
0.015975
0.011327
0.004679
0.000453
0.001453
0.001206
0.000804
0.162922
0.008101
0.008647
0.003329
0.003494
0.003174
0.003216
0.001216
0.001051
0.002185
0.000072
0.000124
0.001948
0.058468
0.028239
0.006596
0.017108
0.005813
0.009234
0.000608
0.001020
0.001216
0.000639
0.050336
0.003308
0.005689
0.018026
0.001226
0.016325
0.111133
0.021684
0.075689
0.027312
0.011378
0.044750
0.030692
0.002257
0.004050
0.009327
0.000969
0.010224
0.034000
0.025395
0.004308
0.010430
0.008183
0.004421
0.000557
0.000783
0.000866
0.000886
0.143062
0.006318
0.006215
0.002638
0.003865
0.003391
0.002030
0.000989
0.000886
0.001773
0.000021
0.000082
0.001855
0.101383
0.044698
0.005318
0.011162
0.005988
0.004895
0.000557
0.000618
0.001031
0.000629
0.080090
0.004277
0.003855
0.010059
0.001505
0.003978
0.052469
0.048718
0.214856
0.010883
0.003267
0.041534
0.018623
0.000598
0.001814
0.005452
0.000113
0.024127
0.028229
0.017181
0.001257
0.004432
0.009750
0.001556
0.000062
0.000577
0.000309
0.000350
0.198417
0.006493
0.006009
0.001340
0.002216
0.000969
0.000917
0.000330
0.000175
0.000567
0.000021
0.000031
0.000907
0.202034
0.031228
0.002690
0.005555
0.004566
0.001628
0.000206
0.000186
0.000278
0.000144
0.077339
0.002680
0.001257
0.004792
0.001175
0.002546
0.055056
0.046079
0.172053
0.018077
0.005133
0.047120
0.035856
0.000587
0.003648
0.006596
0.000412
0.011595
0.048409
0.021901
0.001752
0.008400
0.010059
0.004174
0.000103
0.000577
0.000319
0.000443
0.154347
0.007328
0.006586
0.002360
0.006184
0.004040
0.001762
0.000546
0.000227
0.000629
0.000000
0.000010
0.002494
0.114132
0.056602
0.004555
0.009204
0.010203
0.003772
0.000165
0.000186
0.000361
0.000237
0.104475
0.002824
0.002247
0.008410
0.002783
0.002968
0.068547
0.042885
0.153770
0.047059
0.017449
0.060498
0.047914
0.003545
0.006575
0.013213
0.001381
0.012924
0.036536
0.039380
0.006534
0.013759
0.013141
0.005741
0.000536
0.001536
0.001453
0.001082
0.138115
0.008657
0.008874
0.004751
0.004875
0.004360
0.004823
0.001731
0.001505
0.002607
0.000052
0.000093
0.003339
0.073886
0.042761
0.007833
0.013450
0.007359
0.010615
0.000752
0.001299
0.001453
0.001092
0.068331
0.004782
0.006895
0.014078
0.001824
0.007874
0.068186
0.029765
0.123727
0.018448
0.006689
0.040071
0.035990
0.001031
0.002886
0.006514
0.000309
0.009039
0.049913
0.030754
0.002793
0.007864
0.008029
0.003288
0.000144
0.000721
0.000495
0.000330
0.231284
0.005885
0.006441
0.002587
0.003566
0.003102
0.002257
0.000618
0.000258
0.000732
0.000010
0.000031
0.001876
0.127005
0.076225
0.005514
0.008204
0.005772
0.004514
0.000299
0.000206
0.000350
0.000309
0.099208
0.003071
0.002597
0.006916
0.001546
0.002958
0.054510
0.035866
0.080977
0.022148
0.008358
0.065600
0.026188
0.001515
0.003370
0.011636
0.000752
0.022859
0.031599
0.018098
0.002680
0.010533
0.009626
0.003659
0.000268
0.000855
0.001072
0.000691
0.155635
0.006998
0.006524
0.001989
0.003978
0.002793
0.001546
0.000886
0.000649
0.001701
0.000062
0.000103
0.001762
0.115060
0.035835
0.004339
0.011430
0.007122
0.003597
0.000464
0.000546
0.001226
0.000546
0.076370
0.003545
0.002906
0.011079
0.001742
0.004360
0.077885
0.051109
0.164705
0.062260
0.028033
0.066671
0.051264
0.005318
0.009997
0.020272
0.002597
0.009956
0.031888
0.027837
0.008966
0.018397
0.013450
0.011430
0.001031
0.002236
0.002412
0.002453
0.104774
0.011584
0.011182
0.004803
0.007482
0.008008
0.004792
0.003607
0.002391
0.004566
0.000062
0.000186
0.005339
0.044719
0.044575
0.011358
0.018407
0.012687
0.010615
0.001226
0.001257
0.002051
0.001639
0.077854
0.005493
0.008431
0.019036
0.002793
0.006184
0.078421
0.032753
0.075257
0.046049
0.018984
0.067651
0.043699
0.003484
0.007410
0.016789
0.001608
0.013470
0.036288
0.025508
0.006637
0.016263
0.012522
0.008379
0.000928
0.001422
0.001536
0.001608
0.140238
0.009307
0.009389
0.003618
0.006472
0.006627
0.003154
0.002102
0.001793
0.002979
0.000113
0.000124
0.003875
0.068454
0.045502
0.008616
0.015779
0.010791
0.007513
0.001020
0.000783
0.001556
0.001360
0.078472
0.005112
0.006112
0.016583
0.001979
0.005442
0.082048
0.033186
0.089665
0.018046
0.006204
0.045945
0.028085
0.000855
0.002700
0.007874
0.000361
0.010461
0.038473
0.020571
0.001979
0.008781
0.007658
0.002845
0.000134
0.000546
0.000546
0.000340
0.233634
0.005967
0.005772
0.001907
0.003566
0.003288
0.001350
0.000526
0.000443
0.000897
0.000021
0.000021
0.001597
0.135126
0.058901
0.004009
0.010100
0.005998
0.003154
0.000289
0.000196
0.000464
0.000227
0.088315
0.002659
0.002463
0.008915
0.001422
0.002638
0.057313
0.043740
0.112679
0.024065
0.010440
0.054015
0.032001
0.001494
0.003813
0.010976
0.001144
0.011492
0.038556
0.024096
0.003288
0.011399
0.008637
0.004679
0.000309
0.000742
0.000855
0.000629
0.226594
0.006864
0.006771
0.002319
0.004184
0.003772
0.001546
0.000907
0.000670
0.001536
0.000052
0.000041
0.001969
0.123985
0.050161
0.005277
0.012625
0.006534
0.004380
0.000433
0.000309
0.000855
0.000660
0.078647
0.003514
0.003308
0.011358
0.001886
0.003123
0.066218
0.034227
0.092643
0.042606
0.015511
0.069928
0.049800
0.002628
0.005947
0.014408
0.001443
0.014027
0.039092
0.041236
0.005926
0.016531
0.011698
0.005504
0.000392
0.000886
0.001000
0.000773
0.171837
0.007895
0.008472
0.003989
0.003885
0.004205
0.003504
0.001134
0.001051
0.002092
0.000062
0.000010
0.002546
0.068434
0.044348
0.006936
0.015398
0.006143
0.008121
0.000453
0.000783
0.000969
0.000752
0.066537
0.003618
0.005885
0.013841
0.001443
0.008513
0.076792
0.025683
0.095333
0.028414
0.008874
0.062539
0.032279
0.001226
0.004061
0.011358
0.000464
0.012512
0.029208
0.018644
0.002989
0.011347
0.009389
0.004658
0.000186
0.000732
0.000577
0.000392
0.110298
0.006029
0.006246
0.002236
0.004050
0.004061
0.002236
0.000711
0.000557
0.001185
0.000010
0.000010
0.002401
0.085748
0.030764
0.004174
0.011399
0.006926
0.005730
0.000289
0.000433
0.000660
0.000453
0.059993
0.001824
0.003607
0.011409
0.001000
0.004803
0.072062
0.025755
0.293091
0.036629
0.015872
0.046430
0.039215
0.002711
0.005452
0.012522
0.001484
0.006792
0.035412
0.023478
0.005658
0.013666
0.009224
0.006709
0.000649
0.001165
0.001340
0.001309
0.132426
0.007524
0.007359
0.002855
0.005967
0.004978
0.002845
0.001453
0.001525
0.003185
0.000072
0.000041
0.003082
0.133405
0.040576
0.006637
0.014491
0.009049
0.006812
0.000763
0.000938
0.001350
0.001278
0.084615
0.004535
0.005627
0.013914
0.002309
0.004308
0.055489
0.045131
0.129746
0.052521
0.020355
0.073463
0.054170
0.003308
0.008235
0.015593
0.001494
0.010863
0.039071
0.028796
0.007544
0.017088
0.013058
0.009595
0.000721
0.001422
0.001494
0.001536
0.110916
0.009739
0.009327
0.004308
0.007627
0.006812
0.004494
0.002236
0.001948
0.002772
0.000031
0.000041
0.004834
0.051150
0.040658
0.009338
0.018335
0.011955
0.010605
0.000866
0.001309
0.001515
0.001330
0.074092
0.004762
0.007884
0.018170
0.002432
0.007297
0.081152
0.033712
0.098023
0.045162
0.019128
0.053191
0.042575
0.003545
0.006771
0.013707
0.001835
0.010770
0.031898
0.025982
0.006823
0.013202
0.011234
0.007431
0.000794
0.001319
0.001618
0.001783
0.112596
0.008297
0.008348
0.004473
0.005751
0.004885
0.003958
0.002659
0.001793
0.002968
0.000072
0.000031
0.003648
0.072247
0.039772
0.008194
0.012914
0.009162
0.007689
0.000907
0.000825
0.001360
0.001226
0.068320
0.005174
0.006514
0.014295
0.002051
0.006163
0.063425
0.034423
0.187090
0.031785
0.015573
0.039442
0.039824
0.002494
0.005668
0.011492
0.001608
0.005586
0.040019
0.024818
0.005040
0.012605
0.007926
0.007400
0.000629
0.001113
0.001154
0.001340
0.155501
0.006823
0.007111
0.003350
0.005504
0.005349
0.002793
0.001752
0.001309
0.002587
0.000041
0.000062
0.003277
0.123284
0.051851
0.007431
0.011718
0.009832
0.005730
0.000773
0.000680
0.001330
0.001134
0.099033
0.004607
0.005277
0.011574
0.002072
0.002453
0.051140
0.045781
0.113328
0.058158
0.022571
0.061147
0.050604
0.003659
0.009276
0.018036
0.002164
0.007998
0.037123
0.026590
0.008049
0.017634
0.013141
0.011646
0.000691
0.001680
0.001814
0.002041
0.103877
0.009296
0.010451
0.004854
0.008255
0.008843
0.004834
0.002845
0.001927
0.003958
0.000062
0.000062
0.005761
0.051954
0.045647
0.009781
0.016954
0.014759
0.010389
0.001226
0.000969
0.001979
0.001639
0.082914
0.004329
0.008080
0.017284
0.002855
0.005452
0.073566
0.033980
0.097199
0.033475
0.009894
0.084872
0.039720
0.001278
0.004504
0.017799
0.000526
0.012306
0.040844
0.017572
0.002783
0.018974
0.011131
0.007060
0.000144
0.000752
0.001031
0.000515
0.142186
0.008431
0.007348
0.001886
0.008142
0.007039
0.001659
0.000701
0.000639
0.002082
0.000000
0.000021
0.002741
0.060137
0.041998
0.004854
0.020386
0.012285
0.004762
0.000330
0.000371
0.001165
0.000515
0.076937
0.002669
0.004380
0.019520
0.002587
0.004164
0.098168
0.037350
0.119368
0.043091
0.014810
0.099786
0.043142
0.002340
0.005534
0.018118
0.000958
0.014790
0.033897
0.034980
0.004957
0.018830
0.010554
0.006101
0.000433
0.001278
0.001144
0.000835
0.183009
0.008802
0.007792
0.002824
0.004401
0.004370
0.002659
0.001319
0.001041
0.002175
0.000031
0.000052
0.002525
0.054778
0.034907
0.006730
0.019901
0.007493
0.007359
0.000577
0.000958
0.001278
0.000752
0.056509
0.003061
0.005524
0.019458
0.001433
0.008760
0.100157
0.022550
0.071237
0.049223
0.017366
0.088480
0.056561
0.002772
0.007173
0.016377
0.001288
0.012285
0.041205
0.032362
0.005895
0.018727
0.013058
0.009420
0.000484
0.001000
0.001134
0.001144
0.130323
0.009173
0.009379
0.004112
0.006916
0.006874
0.003906
0.001556
0.001185
0.002401
0.000021
0.000093
0.004287
0.046718
0.043895
0.007050
0.018417
0.011172
0.010152
0.000505
0.000855
0.001257
0.000876
0.072721
0.003257
0.007091
0.018046
0.001670
0.007410
0.092046
0.025477
0.075205
0.052655
0.022736
0.063662
0.051985
0.003751
0.008822
0.017438
0.001886
0.010069
0.036175
0.029692
0.007544
0.017686
0.011790
0.010059
0.000794
0.001350
0.001690
0.001659
0.115956
0.009925
0.008585
0.004648
0.006545
0.006885
0.005081
0.002030
0.001927
0.003246
0.000072
0.000062
0.004339
0.071928
0.038504
0.008719
0.017861
0.010554
0.010234
0.000989
0.001165
0.002092
0.001463
0.073010
0.005060
0.008431
0.017809
0.002236
0.007513
0.071299
0.033454
0.096931
0.040432
0.015047
0.055510
0.038793
0.002484
0.005854
0.014120
0.001154
0.008802
0.031919
0.024189
0.005761
0.014604
0.010193
0.006266
0.000474
0.001288
0.001206
0.001020
0.122583
0.007338
0.008472
0.003411
0.005102
0.004968
0.003051
0.001371
0.001474
0.002350
0.000052
0.000052
0.002927
0.098590
0.039185
0.007307
0.015490
0.008142
0.007585
0.000577
0.001165
0.001257
0.000794
0.077143
0.004514
0.005617
0.015130
0.001824
0.005318
0.061931
0.044235
0.161933
0.028095
0.010935
0.045224
0.033320
0.002020
0.004937
0.010451
0.000979
0.009966
0.035289
0.017861
0.003855
0.011110
0.009492
0.005699
0.000423
0.001062
0.000886
0.000814
0.105825
0.006122
0.007235
0.003092
0.006143
0.005040
0.002432
0.001371
0.001319
0.001958
0.000031
0.000041
0.002865
0.085738
0.041576
0.005875
0.012223
0.010121
0.005174
0.000618
0.000649
0.000948
0.000907
0.080554
0.004287
0.004226
0.011997
0.002257
0.002855
0.057612
0.041473
0.255019
0.044029
0.015367
0.059550
0.052985
0.002102
0.007421
0.014058
0.001144
0.009492
0.045801
0.029806
0.006287
0.015088
0.011904
0.009760
0.000381
0.001123
0.001268
0.001103
0.125325
0.008492
0.009471
0.004535
0.008441
0.007740
0.003834
0.001319
0.001144
0.002133
0.000031
0.000062
0.004679
0.066362
0.053005
0.007781
0.015686
0.013625
0.008894
0.000412
0.000598
0.001247
0.000763
0.090139
0.003824
0.006297
0.016243
0.002319
0.005359
0.072299
0.032444
0.096828
0.033805
0.010894
0.051542
0.029002
0.002185
0.003989
0.010935
0.000948
0.011646
0.025127
0.024931
0.003885
0.010378
0.008039
0.003978
0.000340
0.001082
0.001031
0.000938
0.098889
0.006050
0.005947
0.003154
0.003473
0.002927
0.003123
0.001144
0.000897
0.001731
0.000062
0.000041
0.001886
0.075720
0.024828
0.005009
0.010780
0.005205
0.006771
0.000392
0.000752
0.000928
0.000825
0.052088
0.002989
0.004133
0.012151
0.001247
0.006009
0.056479
0.030270
0.339428
0.044595
0.016119
0.063002
0.040153
0.003185
0.006163
0.014305
0.001134
0.013141
0.031537
0.028167
0.006266
0.012903
0.012007
0.005741
0.000639
0.001556
0.001515
0.001082
0.130571
0.008740
0.008441
0.004834
0.004700
0.004174
0.004226
0.001783
0.001474
0.002824
0.000052
0.000144
0.002793
0.105062
0.037865
0.007091
0.013470
0.008173
0.008276
0.000855
0.001041
0.001319
0.000897
0.078245
0.004617
0.006318
0.014027
0.002154
0.007493
0.073030
0.039813
0.112287
0.042483
0.017016
0.076854
0.044894
0.003009
0.005493
0.019046
0.001917
0.011759
0.039988
0.025281
0.005081
0.021066
0.010956
0.008029
0.000495
0.001000
0.001659
0.001134
0.163705
0.007503
0.007956
0.002185
0.007647
0.007029
0.002133
0.001628
0.001041
0.003092
0.000021
0.000031
0.003092
0.058210
0.041493
0.005916
0.022993
0.011265
0.006349
0.000783
0.000773
0.001536
0.000897
0.064383
0.003659
0.005514
0.021045
0.003051
0.005607
0.086047
0.031362
0.084893
0.043080
0.015501
0.057684
0.045348
0.002948
0.006380
0.012388
0.001031
0.012491
0.040710
0.037494
0.006122
0.013872
0.011275
0.005679
0.000464
0.001319
0.001092
0.000938
0.170559
0.008008
0.008472
0.004153
0.004494
0.004762
0.004133
0.001360
0.001257
0.002010
0.000093
0.000093
0.003164
0.083131
0.052768
0.007163
0.013697
0.007915
0.008534
0.000608
0.001144
0.001226
0.000897
0.077380
0.004071
0.005833
0.014027
0.002010
0.007956
0.066836
0.029270
0.087160
0.048605
0.021097
0.056365
0.056551
0.004061
0.007792
0.014357
0.001969
0.009111
0.043338
0.036721
0.007565
0.015480
0.011553
0.008348
0.000855
0.001433
0.001247
0.001371
0.127386
0.009987
0.009255
0.004411
0.006534
0.006122
0.004762
0.001907
0.001793
0.002711
0.000072
0.000052
0.003989
0.063167
0.044224
0.008729
0.016006
0.010440
0.010492
0.000979
0.001103
0.001474
0.001422
0.074793
0.004689
0.007287
0.015810
0.002309
0.005906
0.065466
0.032661
0.106248
0.044204
0.015934
0.061312
0.044111
0.002989
0.006204
0.014078
0.001185
0.012007
0.032681
0.031919
0.006235
0.014140
0.012666
0.006204
0.000618
0.001536
0.001185
0.001010
0.153038
0.008606
0.008874
0.004494
0.004648
0.004741
0.004092
0.001618
0.001391
0.002432
0.000052
0.000021
0.003205
0.094622
0.040092
0.008039
0.014563
0.008678
0.009348
0.000660
0.000989
0.001299
0.001041
0.075349
0.004576
0.006143
0.014449
0.001680
0.006885
0.070691
0.036021
0.097446
0.031620
0.013110
0.047656
0.036422
0.002206
0.004916
0.011533
0.001072
0.009750
0.035103
0.023540
0.004937
0.013934
0.007822
0.005761
0.000412
0.000732
0.001237
0.000742
0.130385
0.006761
0.006596
0.002587
0.005627
0.004844
0.002577
0.001144
0.001051
0.002226
0.000041
0.000021
0.002793
0.107031
0.037216
0.006194
0.013388
0.008729
0.006143
0.000484
0.000660
0.001103
0.000670
0.070804
0.003525
0.004844
0.012790
0.001597
0.004081
0.055046
0.038216
0.208321
0.057210
0.019386
0.074484
0.051975
0.003556
0.007719
0.016160
0.001340
0.015181
0.035124
0.035175
0.007575
0.015696
0.014862
0.007668
0.000711
0.001731
0.001422
0.001422
0.114843
0.010038
0.010007
0.005277
0.005792
0.005545
0.005607
0.002092
0.002020
0.002958
0.000103
0.000072
0.003906
0.059498
0.033495
0.008905
0.015521
0.009616
0.012172
0.000855
0.001443
0.001731
0.001422
0.063837
0.004782
0.007544
0.017985
0.001783
0.011595
0.081461
0.031280
0.098415
0.050212
0.018490
0.067465
0.050099
0.003339
0.007658
0.015305
0.001525
0.011945
0.041163
0.035938
0.007039
0.015882
0.012306
0.007183
0.000742
0.001371
0.001515
0.000989
0.151338
0.009812
0.008729
0.004081
0.006916
0.005833
0.004782
0.002020
0.001484
0.002638
0.000082
0.000113
0.003473
0.062930
0.045183
0.007637
0.015861
0.009966
0.009399
0.000825
0.001144
0.001360
0.001062
0.073092
0.003607
0.006843
0.016521
0.002370
0.008523
0.077308
0.030228
0.074669
0.050202
0.025910
0.056747
0.056942
0.004679
0.008595
0.015964
0.002247
0.007658
0.042946
0.031651
0.009008
0.017892
0.010471
0.009832
0.000989
0.001597
0.001773
0.001556
0.114781
0.010203
0.010904
0.004164
0.007503
0.006988
0.004030
0.002597
0.002092
0.003741
0.000134
0.000124
0.003978
0.051222
0.040731
0.009379
0.018654
0.012100
0.009719
0.001123
0.001515
0.001865
0.001618
0.075308
0.005720
0.008771
0.017304
0.003319
0.005143
0.066022
0.040339
0.102249
0.023014
0.009502
0.049738
0.031558
0.001268
0.003741
0.007833
0.000855
0.015088
0.032145
0.016768
0.003288
0.008534
0.008874
0.004720
0.000247
0.000825
0.000587
0.000639
0.113885
0.006307
0.006493
0.002082
0.004700
0.003597
0.001886
0.000917
0.000660
0.001412
0.000010
0.000041
0.002370
0.108185
0.036185
0.004731
0.009904
0.007678
0.004524
0.000278
0.000515
0.000526
0.000618
0.079647
0.003102
0.003916
0.008894
0.001618
0.002309
0.058231
0.048574
0.256977
0.039370
0.014285
0.074566
0.040380
0.002360
0.005359
0.015686
0.000773
0.012357
0.033753
0.026879
0.005184
0.016006
0.010956
0.006277
0.000557
0.001216
0.001134
0.001123
0.156728
0.008637
0.008348
0.003288
0.005308
0.004741
0.002917
0.001391
0.001175
0.002082
0.000021
0.000072
0.003277
0.089160
0.039906
0.006689
0.016026
0.008317
0.006864
0.000680
0.000794
0.001196
0.000948
0.074040
0.003978
0.005359
0.016542
0.001680
0.005638
0.081956
0.034062
0.099961
0.052964
0.024591
0.054273
0.051892
0.004102
0.008905
0.017572
0.002834
0.007379
0.036124
0.026807
0.008410
0.019242
0.010677
0.010811
0.000948
0.001608
0.001907
0.001793
0.111421
0.009915
0.010049
0.004318
0.008121
0.008616
0.003875
0.002535
0.002216
0.003710
0.000072
0.000062
0.004401
0.053964
0.045698
0.010152
0.017665
0.012007
0.008771
0.001226
0.001154
0.001731
0.001556
0.079791
0.005267
0.009245
0.017717
0.002824
0.004473
0.062683
0.039143
0.112782
0.027683
0.010564
0.042957
0.035330
0.001721
0.004679
0.010409
0.000897
0.008771
0.039958
0.024982
0.003587
0.010667
0.009080
0.005102
0.000278
0.000773
0.001031
0.000917
0.195170
0.007132
0.007050
0.002638
0.004731
0.004236
0.002535
0.001051
0.000876
0.001659
0.000021
0.000021
0.003061
0.125170
0.057148
0.005988
0.011595
0.007977
0.005431
0.000412
0.000629
0.001062
0.000505
0.083471
0.003628
0.004040
0.012069
0.001948
0.003246
0.054809
0.038381
0.112926
0.019118
0.006101
0.042534
0.026714
0.000825
0.003030
0.007616
0.000319
0.012357
0.034207
0.018005
0.002278
0.007596
0.008338
0.003071
0.000144
0.000505
0.000474
0.000330
0.133106
0.006246
0.005967
0.002072
0.003700
0.003102
0.001969
0.000721
0.000278
0.000814
0.000010
0.000021
0.001762
0.132127
0.039051
0.003875
0.008327
0.006143
0.003875
0.000175
0.000216
0.000680
0.000227
0.078771
0.002999
0.002577
0.008121
0.001154
0.003071
0.055747
0.044523
0.255009
0.035887
0.019386
0.040700
0.031579
0.003205
0.005421
0.015748
0.001804
0.006400
0.030156
0.016500
0.005534
0.015645
0.007431
0.007091
0.000969
0.001072
0.002030
0.001670
0.117378
0.007544
0.007070
0.002298
0.006885
0.005720
0.002030
0.001917
0.001515
0.004143
0.000093
0.000124
0.002401
0.066960
0.035505
0.007173
0.017531
0.010492
0.005091
0.000897
0.001103
0.002072
0.001123
0.073628
0.005308
0.005308
0.018273
0.002566
0.002236
0.049481
0.053510
0.234396
0.030465
0.010368
0.064198
0.036433
0.001804
0.004628
0.011409
0.000587
0.013934
0.041112
0.029888
0.003772
0.012368
0.010358
0.004751
0.000227
0.000835
0.000897
0.000639
0.197675
0.007204
0.007359
0.003380
0.004916
0.003947
0.002793
0.000948
0.000835
0.001649
0.000021
0.000041
0.002741
0.094571
0.051861
0.005926
0.012553
0.007637
0.006483
0.000402
0.000474
0.000866
0.000618
0.081059
0.003246
0.004452
0.013120
0.001443
0.004926
0.074360
0.033753
0.090067
0.029177
0.011986
0.063796
0.032331
0.001948
0.003607
0.013419
0.000721
0.016428
0.035598
0.022128
0.003628
0.013563
0.009678
0.004442
0.000381
0.001154
0.001247
0.000701
0.175042
0.007421
0.007750
0.002020
0.005071
0.003751
0.001762
0.001031
0.000917
0.002175
0.000021
0.000062
0.002123
0.101259
0.034485
0.005318
0.014748
0.007987
0.004226
0.000567
0.000577
0.001020
0.000598
0.075133
0.003504
0.003432
0.014274
0.002236
0.004442
0.072495
0.042452
0.136167
0.045214
0.015140
0.089634
0.043091
0.002535
0.005936
0.017108
0.001041
0.016789
0.033825
0.030991
0.005370
0.017500
0.012120
0.006101
0.000309
0.001226
0.001185
0.000938
0.153018
0.009059
0.008647
0.003092
0.004700
0.004339
0.002824
0.001154
0.001041
0.002422
0.000062
0.000072
0.002865
0.063580
0.035577
0.006720
0.017552
0.007915
0.007864
0.000598
0.001072
0.001226
0.000711
0.062858
0.003865
0.006070
0.018335
0.001876
0.009492
0.096251
0.028404
0.090685
0.045471
0.018902
0.074133
0.037762
0.003566
0.006431
0.017593
0.001546
0.018881
0.028641
0.029754
0.005906
0.016799
0.011935
0.006380
0.000721
0.001793
0.001536
0.001381
0.151348
0.009379
0.009204
0.002917
0.005401
0.004648
0.003432
0.002144
0.001536
0.003009
0.000113
0.000113
0.002814
0.072608
0.033166
0.007225
0.018459
0.008946
0.007421
0.001062
0.001278
0.001577
0.001000
0.063013
0.004566
0.005699
0.018386
0.002381
0.008121
0.085882
0.033815
0.100208
0.026951
0.009987
0.044111
0.038865
0.001515
0.004432
0.008822
0.000732
0.008410
0.044894
0.026291
0.003659
0.009564
0.008688
0.005277
0.000258
0.000773
0.000618
0.000691
0.147360
0.006885
0.006648
0.002700
0.005679
0.004298
0.002453
0.000866
0.000649
0.001041
0.000031
0.000021
0.002659
0.104805
0.057519
0.005545
0.010244
0.009204
0.005648
0.000361
0.000484
0.000804
0.000453
0.099683
0.003545
0.004535
0.009832
0.001762
0.004009
0.056252
0.052201
0.147287
0.032455
0.011048
0.053345
0.029857
0.002051
0.004380
0.011512
0.000794
0.012666
0.027765
0.022457
0.004092
0.010090
0.008740
0.004390
0.000299
0.001000
0.001072
0.000794
0.105722
0.006534
0.006431
0.002690
0.004741
0.003638
0.002298
0.001000
0.000825
0.001804
0.000031
0.000093
0.001752
0.108793
0.029703
0.004885
0.012316
0.006802
0.005782
0.000495
0.000855
0.000948
0.000845
0.066414
0.003865
0.003978
0.012110
0.001494
0.006039
0.059519
0.044111
0.254679
0.033537
0.011863
0.058344
0.034804
0.002216
0.004710
0.011440
0.000773
0.012471
0.032475
0.028786
0.004081
0.011759
0.009915
0.004648
0.000402
0.001206
0.001000
0.000639
0.160861
0.005978
0.007998
0.003257
0.003731
0.003710
0.002762
0.001144
0.000886
0.001731
0.000052
0.000010
0.002484
0.134363
0.040246
0.005854
0.012192
0.005844
0.005916
0.000381
0.000608
0.000845
0.000804
0.079142
0.003751
0.004298
0.012141
0.001350
0.005967
0.066589
0.036979
0.123057
0.036701
0.017026
0.045389
0.030527
0.003092
0.005308
0.015037
0.001999
0.008637
0.029311
0.020613
0.004834
0.015202
0.007833
0.006565
0.000618
0.001010
0.001701
0.001422
0.126757
0.006246
0.006431
0.002494
0.005802
0.005091
0.002618
0.001680
0.001917
0.003401
0.000031
0.000062
0.002443
0.082162
0.032527
0.006091
0.014635
0.008523
0.005772
0.000855
0.000907
0.001896
0.001422
0.063652
0.004463
0.006009
0.016181
0.002752
0.004566
0.052181
0.046347
0.231263
0.056509
0.023880
0.061539
0.049481
0.004215
0.008276
0.018551
0.001896
0.009616
0.034712
0.032444
0.008925
0.018397
0.011615
0.008585
0.000917
0.001938
0.001989
0.001402
0.127860
0.010059
0.010615
0.004401
0.006514
0.005710
0.004257
0.002422
0.002185
0.003659
0.000113
0.000124
0.003999
0.060312
0.034681
0.008729
0.019984
0.010049
0.010389
0.000876
0.001659
0.001721
0.001350
0.066239
0.006349
0.008297
0.020386
0.002401
0.008039
0.068197
0.036041
0.097498
0.049192
0.020736
0.062796
0.056087
0.003885
0.007122
0.014924
0.001793
0.013790
0.040576
0.041328
0.006823
0.017129
0.012883
0.008152
0.000691
0.001587
0.001196
0.001134
0.147133
0.009348
0.009564
0.003937
0.005627
0.005761
0.004411
0.001783
0.001515
0.002752
0.000072
0.000093
0.003916
0.066568
0.042359
0.008224
0.016418
0.009142
0.009482
0.000794
0.001319
0.001402
0.001165
0.068290
0.004566
0.007585
0.015439
0.001999
0.007029
0.069475
0.027497
0.083512
0.058808
0.022045
0.078318
0.052933
0.003690
0.008214
0.017985
0.001628
0.013934
0.032578
0.038535
0.007359
0.018757
0.012976
0.008482
0.000618
0.001494
0.001639
0.001371
0.133302
0.010244
0.011141
0.004092
0.004988
0.005328
0.004184
0.002041
0.001886
0.003442
0.000072
0.000062
0.003896
0.054510
0.036134
0.009471
0.017881
0.008905
0.011718
0.000804
0.001350
0.001278
0.001082
0.062652
0.004112
0.007915
0.018520
0.001783
0.011471
0.084893
0.026106
0.073371
0.031074
0.010193
0.055108
0.033289
0.001350
0.004133
0.011904
0.000433
0.008472
0.035804
0.023406
0.003762
0.012605
0.008379
0.004576
0.000155
0.000804
0.000876
0.000453
0.153337
0.006709
0.006246
0.002298
0.004772
0.003865
0.001969
0.000917
0.000794
0.001628
0.000000
0.000031
0.002257
0.116678
0.046399
0.005452
0.012584
0.007555
0.006112
0.000309
0.000639
0.000886
0.000536
0.089675
0.003246
0.004689
0.013522
0.001670
0.005483
0.063734
0.050305
0.138929
0.047728
0.018531
0.096879
0.046389
0.002875
0.006885
0.017160
0.001402
0.015810
0.032166
0.030867
0.006431
0.016933
0.011203
0.007895
0.000649
0.001330
0.001412
0.001443
0.161129
0.008358
0.008472
0.003123
0.005555
0.005648
0.003102
0.002113
0.001659
0.003185
0.000052
0.000103
0.003236
0.054819
0.031187
0.006689
0.018510
0.009585
0.008833
0.000825
0.000917
0.001433
0.001206
0.057757
0.003092
0.006740
0.018881
0.001999
0.008544
0.097549
0.025230
0.076483
0.027085
0.010389
0.057128
0.032661
0.001628
0.003690
0.012234
0.000804
0.012780
0.037608
0.022138
0.003422
0.011749
0.008936
0.004638
0.000443
0.000917
0.000897
0.000526
0.198283
0.007080
0.007122
0.002298
0.003906
0.003205
0.001690
0.001092
0.000845
0.001835
0.000041
0.000052
0.002319
0.136291
0.052088
0.005297
0.012450
0.007400
0.004762
0.000464
0.000660
0.001010
0.000773
0.080791
0.003514
0.003741
0.011914
0.001886
0.004226
0.068001
0.036278
0.089016
0.049924
0.019252
0.077256
0.059354
0.003164
0.007256
0.014717
0.001567
0.011347
0.042142
0.040968
0.007441
0.015398
0.012172
0.008379
0.000773
0.001216
0.001494
0.001113
0.147143
0.009667
0.009070
0.004504
0.005813
0.005689
0.004473
0.001814
0.001752
0.002772
0.000031
0.000082
0.003813
0.053521
0.036938
0.008791
0.016634
0.009513
0.010018
0.000732
0.001226
0.001443
0.001031
0.064909
0.004473
0.007637
0.016799
0.001783
0.009142
0.079359
0.027559
0.076937
0.047213
0.016583
0.082533
0.044637
0.002845
0.006163
0.017397
0.001165
0.012522
0.030806
0.033063
0.005957
0.016861
0.011646
0.006256
0.000618
0.001196
0.001360
0.000825
0.120532
0.009276
0.009338
0.003484
0.004689
0.004741
0.003308
0.001381
0.001608
0.003051
0.000062
0.000031
0.003226
0.062662
0.028177
0.006545
0.017758
0.007761
0.008420
0.000763
0.001165
0.001649
0.000866
0.054273
0.003700
0.006081
0.018139
0.001804
0.009575
0.085687
0.028445
0.152162
0.049357
0.019283
0.063806
0.049017
0.002875
0.007678
0.017861
0.002051
0.008606
0.038783
0.029126
0.006555
0.019860
0.010832
0.009358
0.000691
0.001185
0.001587
0.001319
0.160727
0.008183
0.008492
0.004102
0.007524
0.007967
0.003669
0.001628
0.001649
0.003453
0.000031
0.000052
0.004504
0.054139
0.049584
0.008431
0.018345
0.011873
0.008616
0.000691
0.000804
0.001907
0.001113
0.076071
0.003968
0.006843
0.019025
0.002381
0.004968
0.069454
0.031517
0.078462
0.035206
0.009853
0.112720
0.046378
0.001371
0.003978
0.014501
0.000587
0.016923
0.039401
0.031620
0.003267
0.015418
0.010492
0.004865
0.000206
0.000629
0.000825
0.000412
0.179969
0.007699
0.008276
0.002102
0.004906
0.004236
0.002154
0.000649
0.000701
0.001525
0.000000
0.000031
0.002783
0.054964
0.035052
0.004710
0.019005
0.007627
0.006503
0.000227
0.000557
0.000928
0.000536
0.058859
0.002329
0.004628
0.018531
0.001567
0.007761
0.110813
0.021891
0.079833
0.033073
0.009595
0.113060
0.042070
0.001412
0.003566
0.014346
0.000433
0.018995
0.036629
0.031867
0.003071
0.015923
0.009801
0.004555
0.000216
0.000783
0.000742
0.000423
0.205034
0.007328
0.008101
0.001556
0.004019
0.003484
0.001742
0.000567
0.000587
0.001226
0.000062
0.000021
0.001979
0.061003
0.034351
0.004112
0.017181
0.006740
0.005462
0.000309
0.000577
0.000629
0.000443
0.053933
0.002082
0.003885
0.016614
0.001309
0.008101
0.113957
0.019891
0.073154
0.045214
0.018417
0.064085
0.041823
0.003329
0.005957
0.015882
0.001391
0.013305
0.032516
0.028322
0.006802
0.015037
0.011636
0.006184
0.000928
0.001567
0.001422
0.001216
0.127077
0.008348
0.009193
0.003566
0.005019
0.004463
0.003731
0.001896
0.001948
0.003329
0.000093
0.000155
0.002741
0.085563
0.033032
0.008070
0.015480
0.008194
0.008575
0.000845
0.001474
0.001670
0.001309
0.074710
0.005194
0.006277
0.017181
0.002123
0.007740
0.071866
0.044626
0.119481
0.039741
0.013707
0.091912
0.037917
0.002010
0.004401
0.023354
0.000670
0.013048
0.033547
0.023457
0.004009
0.024137
0.009410
0.006091
0.000381
0.001031
0.001350
0.000546
0.200272
0.008090
0.007390
0.001670
0.005143
0.005143
0.001938
0.000989
0.000814
0.002546
0.000010
0.000041
0.002412
0.054964
0.037855
0.005009
0.024581
0.008348
0.004926
0.000278
0.000453
0.001206
0.000412
0.056499
0.002865
0.004246
0.022849
0.001793
0.005287
0.103774
0.025189
0.072288
0.034938
0.013769
0.051057
0.050491
0.001969
0.006266
0.011121
0.000835
0.009554
0.051985
0.031888
0.004999
0.012770
0.011028
0.007462
0.000361
0.000825
0.001082
0.000907
0.154337
0.007750
0.008348
0.003484
0.006864
0.005936
0.003432
0.001319
0.001072
0.001886
0.000021
0.000041
0.003669
0.077710
0.060457
0.007338
0.013697
0.012254
0.007977
0.000433
0.000546
0.001134
0.000835
0.093499
0.003958
0.005679
0.012924
0.002051
0.003246
0.064600
0.036917
0.093282
0.042823
0.015150
0.075494
0.048512
0.002432
0.006039
0.015738
0.000989
0.011358
0.040751
0.036165
0.006101
0.016387
0.011997
0.006988
0.000412
0.001123
0.000938
0.000969
0.164427
0.008915
0.008843
0.003906
0.005844
0.005576
0.003813
0.001165
0.001082
0.001907
0.000010
0.000062
0.003298
0.067867
0.043627
0.007050
0.016840
0.008358
0.009008
0.000484
0.000825
0.001051
0.000763
0.071515
0.003556
0.005751
0.017304
0.001701
0.007029
0.082760
0.027817
0.077483
0.012429
0.004133
0.031465
0.022251
0.000505
0.002144
0.004432
0.000227
0.010317
0.035722
0.014759
0.001474
0.005143
0.007153
0.002216
0.000072
0.000484
0.000206
0.000237
0.146133
0.004772
0.005267
0.001804
0.003123
0.002216
0.001474
0.000402
0.000237
0.000495
0.000010
0.000000
0.001299
0.146545
0.058107
0.003741
0.006029
0.005297
0.002927
0.000196
0.000113
0.000216
0.000124
0.113349
0.003855
0.001628
0.005421
0.001371
0.002113
0.044008
0.077720
0.204642
0.026755
0.010770
0.033248
0.022468
0.001917
0.003772
0.009626
0.000876
0.008348
0.023581
0.015109
0.003813
0.009204
0.006843
0.003937
0.000423
0.000897
0.001144
0.001062
0.080575
0.005246
0.005431
0.001793
0.004050
0.003051
0.001948
0.001165
0.000897
0.002030
0.000052
0.000072
0.001989
0.092942
0.029723
0.004854
0.008905
0.005545
0.004741
0.000443
0.000670
0.001010
0.000598
0.064693
0.003401
0.003597
0.009307
0.001494
0.003545
0.042452
0.043142
0.386847
0.018809
0.006792
0.043513
0.029651
0.000783
0.002937
0.008461
0.000278
0.008884
0.038587
0.020489
0.002020
0.009502
0.007276
0.003576
0.000113
0.000505
0.000618
0.000237
0.146473
0.004988
0.005401
0.001659
0.004947
0.003257
0.001402
0.000546
0.000299
0.001062
0.000010
0.000000
0.001793
0.108536
0.041019
0.004153
0.010069
0.006988
0.003288
0.000216
0.000268
0.000474
0.000216
0.074071
0.002226
0.002721
0.009544
0.001525
0.002628
0.055170
0.040566
0.261450
0.021746
0.008719
0.032114
0.027868
0.001206
0.003164
0.008565
0.000711
0.005751
0.040514
0.018768
0.003267
0.009987
0.006050
0.004473
0.000278
0.000639
0.000907
0.000608
0.165457
0.005297
0.005679
0.001927
0.004813
0.003628
0.001773
0.000948
0.000464
0.001670
0.000031
0.000052
0.001917
0.129653
0.061240
0.004978
0.009956
0.006916
0.003721
0.000309
0.000453
0.000825
0.000515
0.092489
0.003545
0.003422
0.010461
0.001659
0.002164
0.042720
0.049893
0.186091
0.018850
0.005493
0.042967
0.022643
0.000752
0.002958
0.007874
0.000350
0.010049
0.030331
0.017191
0.002102
0.007761
0.006617
0.002618
0.000155
0.000536
0.000474
0.000319
0.135363
0.004762
0.004483
0.001948
0.002927
0.002288
0.001257
0.000474
0.000319
0.000866
0.000010
0.000010
0.001433
0.121924
0.053057
0.003638
0.008379
0.003721
0.003721
0.000206
0.000371
0.000423
0.000278
0.094014
0.003350
0.002226
0.008369
0.000773
0.003484
0.051202
0.067310
0.237375
0.041473
0.016851
0.049398
0.043472
0.003174
0.006730
0.012058
0.001165
0.010038
0.032032
0.029610
0.006307
0.012048
0.010894
0.005864
0.000660
0.001474
0.001165
0.001051
0.094797
0.007740
0.008245
0.004329
0.004174
0.003885
0.004823
0.001577
0.001206
0.002247
0.000072
0.000072
0.003267
0.085316
0.030187
0.007276
0.011285
0.007658
0.009358
0.000691
0.001154
0.001216
0.001010
0.064095
0.004452
0.006235
0.011832
0.001659
0.008307
0.057829
0.031486
0.237055
0.024014
0.009739
0.037721
0.029095
0.001340
0.003597
0.008802
0.000711
0.005607
0.033877
0.020077
0.002752
0.010059
0.006411
0.004360
0.000299
0.000484
0.000660
0.000546
0.153471
0.005215
0.005607
0.002092
0.003762
0.003051
0.001680
0.000794
0.000660
0.001371
0.000010
0.000031
0.001948
0.159274
0.049161
0.004339
0.010832
0.005751
0.004473
0.000330
0.000495
0.000680
0.000649
0.108762
0.003947
0.003411
0.010595
0.001556
0.003453
0.044729
0.068434
0.139290
0.011358
0.002917
0.025518
0.014934
0.000515
0.001536
0.004318
0.000175
0.007987
0.024931
0.010492
0.001123
0.004339
0.004473
0.001577
0.000072
0.000361
0.000268
0.000175
0.078854
0.003401
0.003133
0.001113
0.002515
0.001618
0.000958
0.000319
0.000268
0.000381
0.000000
0.000021
0.000649
0.139857
0.029311
0.002195
0.005112
0.003607
0.002164
0.000082
0.000165
0.000258
0.000175
0.066599
0.002082
0.001721
0.004566
0.000958
0.002113
0.033001
0.044935
0.450798
0.004339
0.000948
0.017655
0.009204
0.000113
0.000670
0.001999
0.000062
0.012986
0.020932
0.005297
0.000340
0.001577
0.004236
0.000721
0.000010
0.000299
0.000155
0.000155
0.063394
0.003061
0.003308
0.000804
0.002288
0.000783
0.000381
0.000247
0.000052
0.000134
0.000000
0.000000
0.000402
0.149163
0.018922
0.001453
0.002309
0.003102
0.000721
0.000052
0.000000
0.000103
0.000031
0.063600
0.001484
0.000392
0.001989
0.001206
0.000660
0.025116
0.044657
0.528487
0.025900
0.010822
0.048398
0.029177
0.001649
0.003710
0.009966
0.001082
0.012182
0.034299
0.021540
0.003246
0.010987
0.008699
0.003793
0.000484
0.000907
0.000855
0.000732
0.148648
0.005576
0.005844
0.002267
0.003937
0.003422
0.001814
0.000917
0.000721
0.001443
0.000052
0.000021
0.001556
0.097972
0.049584
0.004710
0.010275
0.005411
0.004865
0.000474
0.000536
0.000814
0.000577
0.084388
0.003422
0.003411
0.010049
0.001690
0.004792
0.062652
0.059302
0.190430
0.028961
0.011028
0.047749
0.033939
0.001608
0.004535
0.010646
0.000773
0.011162
0.033867
0.020633
0.003700
0.011265
0.008647
0.005071
0.000350
0.000701
0.000876
0.000835
0.120903
0.006524
0.006514
0.002535
0.004803
0.004287
0.002432
0.000969
0.000989
0.001577
0.000021
0.000010
0.002164
0.091932
0.040597
0.005339
0.011254
0.007359
0.005668
0.000350
0.000453
0.000866
0.000546
0.072299
0.003154
0.003968
0.010801
0.001824
0.004267
0.056252
0.035588
0.257410
0.042163
0.015593
0.064806
0.056623
0.002175
0.006905
0.013790
0.001257
0.009873
0.049470
0.032743
0.005978
0.014449
0.012543
0.007864
0.000453
0.000969
0.000969
0.000866
0.146288
0.008637
0.008781
0.003659
0.006565
0.006400
0.003782
0.001381
0.000989
0.002041
0.000021
0.000041
0.003989
0.065950
0.051521
0.007956
0.015387
0.010853
0.008616
0.000495
0.000701
0.001031
0.000876
0.085573
0.003185
0.006235
0.014748
0.001938
0.005390
0.078658
0.030125
0.078699
0.062868
0.032506
0.064208
0.047038
0.006854
0.010193
0.023581
0.003051
0.007998
0.030208
0.025477
0.010028
0.021200
0.012357
0.011914
0.001639
0.002443
0.002649
0.002680
0.107711
0.012203
0.010626
0.004267
0.007647
0.007864
0.004442
0.004040
0.003288
0.006060
0.000165
0.000216
0.004803
0.039102
0.034763
0.011131
0.021303
0.012770
0.010203
0.002082
0.001824
0.002556
0.002474
0.065301
0.007668
0.010121
0.023663
0.003525
0.006009
0.071485
0.039082
0.082718
0.022653
0.010080
0.031321
0.024581
0.002082
0.004143
0.007462
0.000670
0.010894
0.027703
0.019211
0.003669
0.006586
0.008266
0.002927
0.000392
0.001041
0.000958
0.000783
0.096426
0.005555
0.005401
0.002968
0.002886
0.002082
0.002752
0.001165
0.000783
0.001360
0.000021
0.000072
0.001896
0.111720
0.037381
0.005009
0.007080
0.004370
0.005019
0.000557
0.000629
0.000917
0.000567
0.071196
0.003906
0.003205
0.007740
0.001412
0.003855
0.040700
0.040854
0.345096
0.034279
0.014326
0.057664
0.036185
0.002741
0.005452
0.013089
0.001072
0.012780
0.032949
0.026085
0.004865
0.012862
0.010049
0.005782
0.000618
0.001330
0.000938
0.000876
0.164499
0.007812
0.007802
0.002680
0.004885
0.004597
0.002824
0.001391
0.001134
0.002123
0.000041
0.000103
0.002432
0.128695
0.037577
0.006338
0.013718
0.007451
0.005833
0.000536
0.000876
0.001134
0.000825
0.074308
0.003978
0.005081
0.013419
0.001999
0.005225
0.069135
0.038700
0.108907
0.023251
0.009173
0.043266
0.038844
0.001330
0.003865
0.008173
0.000526
0.007307
0.049718
0.032805
0.003329
0.010038
0.007987
0.003731
0.000186
0.000577
0.000484
0.000319
0.207919
0.006215
0.006874
0.002525
0.003587
0.003071
0.002164
0.000505
0.000526
0.001092
0.000010
0.000010
0.002020
0.111463
0.068186
0.005607
0.009935
0.005854
0.005504
0.000258
0.000340
0.000526
0.000309
0.099507
0.003267
0.002958
0.008936
0.001536
0.003566
0.055252
0.039813
0.095756
0.043812
0.017129
0.067960
0.037175
0.003370
0.006277
0.015284
0.001237
0.013893
0.028806
0.027157
0.006287
0.014089
0.009750
0.006070
0.000639
0.001412
0.001412
0.001165
0.144999
0.008070
0.008812
0.003329
0.004710
0.004195
0.003504
0.001762
0.001505
0.002824
0.000052
0.000103
0.002638
0.109700
0.030022
0.006617
0.014913
0.008224
0.007307
0.000701
0.001247
0.001391
0.001185
0.066434
0.005184
0.005844
0.015964
0.002082
0.007926
0.076411
0.036505
0.112916
0.045750
0.021684
0.051047
0.043998
0.004009
0.007555
0.015696
0.002154
0.007050
0.035536
0.025931
0.007256
0.015398
0.009977
0.008966
0.001000
0.001216
0.001999
0.001835
0.122192
0.008771
0.008894
0.003762
0.006545
0.006606
0.003648
0.002649
0.001917
0.003535
0.000072
0.000155
0.004081
0.070670
0.042792
0.009585
0.015923
0.010914
0.008132
0.001278
0.000928
0.001721
0.001639
0.082337
0.005390
0.007060
0.016356
0.003205
0.003916
0.061498
0.046286
0.129488
0.067671
0.030568
0.072690
0.053026
0.005751
0.010203
0.020592
0.002917
0.011605
0.029157
0.030785
0.010100
0.017964
0.013646
0.011698
0.001463
0.002546
0.002298
0.002607
0.089696
0.011254
0.011327
0.005462
0.007421
0.007091
0.004906
0.003937
0.003535
0.005236
0.000206
0.000268
0.005071
0.038102
0.032929
0.012089
0.018448
0.012831
0.012903
0.001824
0.002216
0.002370
0.002422
0.064724
0.006390
0.010358
0.020046
0.003329
0.008410
0.078441
0.035948
0.083522
0.050212
0.022602
0.056046
0.035773
0.004267
0.006998
0.018118
0.002010
0.012893
0.027477
0.026714
0.006545
0.016923
0.009966
0.007338
0.001154
0.001793
0.001999
0.001463
0.127592
0.009131
0.009863
0.003545
0.005782
0.004648
0.002917
0.002607
0.002226
0.003885
0.000113
0.000155
0.002525
0.071196
0.033908
0.008946
0.018675
0.008266
0.008379
0.000938
0.001433
0.002072
0.001443
0.067042
0.005998
0.006678
0.018933
0.002628
0.006812
0.064662
0.042802
0.143907
0.038638
0.019747
0.045008
0.034392
0.003751
0.006019
0.015913
0.002113
0.008018
0.033856
0.022664
0.005545
0.015346
0.008338
0.006905
0.000948
0.001278
0.002102
0.001505
0.134559
0.007895
0.007627
0.002875
0.006328
0.005534
0.002896
0.001999
0.001989
0.003824
0.000103
0.000072
0.002731
0.115503
0.040844
0.007977
0.015346
0.009863
0.005761
0.001196
0.001041
0.001927
0.001597
0.076215
0.005617
0.005792
0.016531
0.002793
0.004009
0.056066
0.046141
0.135260
0.035278
0.011605
0.058488
0.034155
0.001948
0.004349
0.011059
0.000670
0.013347
0.032362
0.025992
0.003885
0.011048
0.009533
0.004329
0.000371
0.001144
0.001123
0.000557
0.106794
0.006936
0.006874
0.003236
0.005122
0.003185
0.003154
0.001144
0.000989
0.001773
0.000010
0.000041
0.002247
0.080585
0.033269
0.005359
0.011780
0.006606
0.007431
0.000505
0.000886
0.001010
0.000618
0.075576
0.004102
0.004762
0.012924
0.002123
0.007462
0.066919
0.052614
0.222719
0.013697
0.005215
0.027301
0.023519
0.000825
0.002669
0.005885
0.000309
0.007534
0.036794
0.015769
0.002020
0.005741
0.006050
0.003009
0.000072
0.000711
0.000763
0.000371
0.127149
0.004679
0.004772
0.002092
0.003556
0.002463
0.001381
0.000721
0.000412
0.001062
0.000031
0.000000
0.001257
0.122305
0.047203
0.004318
0.006349
0.005452
0.003040
0.000258
0.000258
0.000794
0.000330
0.094643
0.003782
0.002525
0.006730
0.001577
0.001927
0.041761
0.069959
0.278961
0.025220
0.008977
0.066805
0.033145
0.001247
0.003092
0.013233
0.000515
0.011007
0.037597
0.022798
0.002896
0.013305
0.008224
0.004226
0.000175
0.000587
0.001031
0.000515
0.186493
0.005926
0.006493
0.002051
0.003751
0.003298
0.001319
0.000928
0.000567
0.001855
0.000041
0.000031
0.001556
0.100280
0.048388
0.004679
0.014439
0.006194
0.003855
0.000350
0.000443
0.000886
0.000330
0.083646
0.003504
0.003267
0.013924
0.001505
0.003679
0.076287
0.043462
0.121975
0.051130
0.017212
0.095086
0.037041
0.002803
0.005833
0.020984
0.001031
0.015418
0.024715
0.034413
0.005565
0.020283
0.010059
0.005802
0.000567
0.001515
0.001484
0.001010
0.165952
0.008595
0.009255
0.002762
0.004638
0.004143
0.002504
0.001216
0.001134
0.002700
0.000041
0.000031
0.002422
0.057468
0.031156
0.006380
0.020540
0.007596
0.008863
0.000732
0.000825
0.001381
0.000907
0.057623
0.003916
0.005658
0.020602
0.001567
0.010461
0.099456
0.027652
0.079874
0.029404
0.009873
0.054026
0.032372
0.001309
0.003607
0.012161
0.000670
0.012821
0.033135
0.025498
0.003360
0.012120
0.008090
0.003958
0.000299
0.000526
0.000928
0.000526
0.152894
0.006153
0.006215
0.002680
0.004205
0.003092
0.002113
0.000711
0.000763
0.001762
0.000010
0.000052
0.001855
0.094797
0.036783
0.004968
0.012337
0.006194
0.005833
0.000402
0.000464
0.001041
0.000505
0.072938
0.003411
0.004030
0.012141
0.001628
0.005431
0.063270
0.044606
0.202034
0.042441
0.028961
0.044894
0.030270
0.009368
0.005967
0.018263
0.005689
0.009657
0.032568
0.018283
0.005988
0.015995
0.008750
0.007276
0.005122
0.001701
0.004535
0.002741
0.135837
0.008039
0.007812
0.002185
0.006514
0.005689
0.002206
0.003494
0.003525
0.006843
0.001597
0.001216
0.002422
0.071237
0.039360
0.008214
0.016500
0.009729
0.004999
0.005194
0.001567
0.004401
0.003113
0.064033
0.012110
0.005772
0.019737
0.006060
0.003319
0.056777
0.050800
0.131230
0.026899
0.008565
0.077534
0.038535
0.001010
0.003432
0.012306
0.000340
0.012161
0.039772
0.032372
0.002937
0.012739
0.008492
0.003803
0.000072
0.000598
0.000587
0.000319
0.209311
0.006050
0.006843
0.001917
0.003669
0.003205
0.001701
0.000350
0.000350
0.001072
0.000021
0.000010
0.001845
0.086707
0.045080
0.004030
0.014171
0.005792
0.005215
0.000186
0.000258
0.000443
0.000216
0.075051
0.002370
0.003597
0.012666
0.001051
0.005988
0.082842
0.033887
0.101630
0.025013
0.007802
0.083502
0.037556
0.000814
0.002937
0.013965
0.000412
0.011739
0.040040
0.028311
0.002453
0.014944
0.007895
0.003824
0.000144
0.000546
0.000649
0.000258
0.230882
0.005545
0.006668
0.001412
0.003937
0.002917
0.001381
0.000546
0.000330
0.001113
0.000000
0.000031
0.001515
0.081028
0.039916
0.004112
0.016603
0.005380
0.004112
0.000216
0.000309
0.000721
0.000268
0.064260
0.001979
0.002886
0.014594
0.000989
0.004442
0.090098
0.029321
0.099683
0.025343
0.009451
0.052789
0.044029
0.001381
0.004040
0.009966
0.000557
0.011770
0.049790
0.031651
0.003741
0.011883
0.009853
0.005040
0.000175
0.000629
0.000515
0.000423
0.213413
0.007390
0.007163
0.002247
0.004875
0.004679
0.002185
0.000691
0.000567
0.000897
0.000000
0.000031
0.002906
0.097240
0.061096
0.004524
0.011564
0.007905
0.005133
0.000330
0.000299
0.000515
0.000350
0.080647
0.002711
0.003267
0.010749
0.001587
0.003082
0.068176
0.028569
0.092190
0.069197
0.031012
0.067362
0.036515
0.006411
0.009461
0.021633
0.003659
0.017160
0.023189
0.030383
0.008977
0.017861
0.012903
0.008142
0.002030
0.003587
0.003133
0.002886
0.109298
0.010595
0.010822
0.004720
0.006029
0.005328
0.004370
0.003741
0.003040
0.005555
0.000247
0.000299
0.003257
0.042926
0.030115
0.009224
0.022540
0.009863
0.010770
0.001999
0.002041
0.002968
0.002319
0.055644
0.007699
0.008503
0.023777
0.004040
0.012955
0.077163
0.038917
0.093736
