0.316813
0.159210
0.050517
0.044942
0.015778
0.018270
0.039459
0.018280
0.061829
0.005127
0.144958
0.000366
0.011739
0.002981
0.006694
0.005361
0.000905
0.000814
0.000203
0.000081
0.000407
0.000000
0.000000
0.000000
0.000153
0.000000
0.000000
0.000000
0.085581
0.005676
0.000295
0.000000
0.003550
0.000010
0.000000
0.000000
0.326253
0.009969
0.018402
0.062185
0.073802
0.038645
0.002808
0.005931
0.011068
0.003194
0.039724
0.032847
0.000376
0.000326
0.000407
0.000071
0.000000
0.000000
0.000000
0.000000
0.002909
0.000000
0.000865
0.000000
0.007802
0.000000
0.003510
0.000000
0.086110
0.134216
0.063110
0.070567
0.004079
0.000824
0.000000
0.000000
0.286977
0.128743
0.061188
0.032786
0.044647
0.033488
0.040680
0.024028
0.026896
0.010386
0.171346
0.003906
0.008708
0.005737
0.000682
0.001994
0.001862
0.000539
0.000326
0.000000
0.000621
0.000000
0.000000
0.000000
0.000203
0.000000
0.000000
0.000000
0.026754
0.034892
0.009379
0.041321
0.001607
0.000041
0.000264
0.000000
0.326975
0.038808
0.031382
0.029989
0.026469
0.075338
0.016378
0.002350
0.116374
0.004181
0.123901
0.000000
0.000641
0.000000
0.000000
0.000000
0.000010
0.000000
0.000000
0.000000
0.000000
0.000000
0.000000
0.000000
0.000000
0.000000
0.000000
0.000000
0.193329
0.000376
0.011129
0.000000
0.002370
0.000000
0.000000
0.000000
0.315918
0.043416
0.013448
0.010935
0.012695
0.033071
0.051737
0.006846
0.027415
0.005798
0.072968
0.006246
0.004496
0.000478
0.000203
0.002909
0.000132
0.000000
0.000000
0.000000
0.000010
0.000000
0.000000
0.000000
0.000051
0.000000
0.000000
0.000000
0.362396
0.004679
0.023529
0.000000
0.000610
0.000000
0.000010
0.000000
0.271088
0.088704
0.112823
0.176646
0.020874
0.020854
0.099101
0.017436
0.020406
0.000407
0.000773
0.000000
0.005819
0.001801
0.002858
0.000020
0.000000
0.000000
0.000000
0.000000
0.000000
0.000000
0.000000
0.000000
0.000010
0.000000
0.000000
0.000000
0.100037
0.014587
0.044444
0.000000
0.001312
0.000000
0.000000
0.000000
0.157695
0.042094
0.028453
0.029806
0.045207
0.065908
0.120870
0.024821
0.049377
0.024282
0.100586
0.126556
0.000356
0.000000
0.000000
0.000000
0.000000
0.000000
0.000000
0.000000
0.004547
0.000000
0.000183
0.000000
0.008565
0.000041
0.000020
0.000000
0.138153
0.027771
0.003265
0.000000
0.001414
0.000031
0.000000
0.000000
0.276784
0.067698
0.065847
0.065318
0.065379
0.031118
0.049683
0.022308
0.015839
0.015259
0.059367
0.010854
0.002268
0.000112
0.000305
0.000071
0.001394
0.000000
0.000010
0.000000
0.151174
0.000356
0.005697
0.000000
0.005961
0.000000
0.000081
0.000000
0.066355
0.019470
0.000102
0.000000
0.001160
0.000031
0.000000
0.000000
0.224182
0.020691
0.064433
0.099396
0.053548
0.061930
0.081757
0.042542
0.018758
0.044952
0.025462
0.042582
0.000376
0.000061
0.000020
0.000000
0.000071
0.000000
0.000000
0.000000
0.007792
0.000000
0.000020
0.000000
0.005961
0.001231
0.000081
0.000000
0.125122
0.005219
0.073435
0.000000
0.000376
0.000000
0.000000
0.000000
0.227051
0.036021
0.043203
0.026082
0.034617
0.099009
0.148468
0.014709
0.039073
0.000092
0.001841
0.000000
0.000031
0.000000
0.000000
0.000000
0.000000
0.000000
0.000000
0.000000
0.000000
0.000000
0.000000
0.000000
0.000000
0.000000
0.000000
0.000000
0.214986
0.005910
0.086680
0.000000
0.022227
0.000000
0.000000
0.000000
0.276601
0.046834
0.024180
0.024587
0.056722
0.025970
0.039134
0.040924
0.033376
0.037740
0.069773
0.042063
0.007548
0.003225
0.001373
0.000478
0.000651
0.000142
0.000010
0.000000
0.002594
0.000010
0.000600
0.000000
0.013051
0.000020
0.001282
0.000000
0.053894
0.172496
0.016897
0.004384
0.002970
0.000407
0.000061
0.000000
0.184642
0.031769
0.012248
0.012553
0.023977
0.014618
0.049143
0.018799
0.040334
0.007121
0.064473
0.107992
0.053446
0.007222
0.004964
0.009755
0.039795
0.000305
0.000092
0.000000
0.014262
0.000000
0.000122
0.000000
0.002340
0.000000
0.000315
0.000000
0.098175
0.191549
0.009918
0.000000
0.000071
0.000000
0.000000
0.000000
0.247986
0.045522
0.071431
0.020040
0.034119
0.027283
0.065938
0.008443
0.078451
0.010966
0.003469
0.000010
0.020986
0.002075
0.000966
0.000000
0.000427
0.000336
0.000031
0.000000
0.000000
0.000000
0.000000
0.000000
0.000010
0.000000
0.000000
0.000000
0.073720
0.066223
0.067301
0.145823
0.008423
0.000000
0.000020
0.000000
0.187500
0.023488
0.066477
0.072988
0.031759
0.015717
0.044098
0.028107
0.032501
0.014445
0.082926
0.097422
0.004303
0.002787
0.000285
0.000000
0.000387
0.000865
0.000010
0.000000
0.000041
0.000000
0.000000
0.000000
0.000020
0.000102
0.000000
0.000000
0.079041
0.167725
0.035675
0.003398
0.006266
0.001241
0.000427
0.000000
0.279867
0.041982
0.026733
0.017365
0.017761
0.063955
0.089549
0.026337
0.190104
0.006378
0.000905
0.000295
0.013092
0.002146
0.000529
0.000621
0.000142
0.000092
0.000010
0.000020
0.000000
0.000000
0.000000
0.000000
0.000000
0.000000
0.000000
0.000000
0.082021
0.071798
0.059428
0.000000
0.008870
0.000000
0.000000
0.000000
0.326986
0.109344
0.035136
0.038910
0.018595
0.028056
0.073293
0.046631
0.014628
0.006246
0.091848
0.001811
0.003387
0.000092
0.001231
0.000000
0.001292
0.000336
0.000519
0.000020
0.000041
0.000000
0.000000
0.000000
0.000051
0.000000
0.000000
0.000000
0.193451
0.000427
0.006755
0.000000
0.000885
0.000031
0.000000
0.000000
0.198079
0.011088
0.009908
0.046143
0.043254
0.016998
0.189392
0.012695
0.018168
0.023783
0.172119
0.078837
0.003876
0.016174
0.000051
0.000000
0.000916
0.003428
0.000000
0.000000
0.001322
0.000010
0.000000
0.000000
0.001099
0.000061
0.000000
0.000000
0.069204
0.043457
0.037048
0.000000
0.002818
0.000010
0.000061
0.000000
0.343821
0.077901
0.073710
0.024587
0.014486
0.014018
0.015666
0.010742
0.033325
0.017385
0.164357
0.099477
0.006114
0.000376
0.000702
0.000010
0.014882
0.000193
0.000183
0.000000
0.017395
0.000000
0.000041
0.000000
0.003021
0.000000
0.000000
0.000000
0.060384
0.001719
0.001190
0.000000
0.003916
0.000041
0.000356
0.000000
0.206909
0.092428
0.167460
0.049622
0.020121
0.010976
0.009898
0.007731
0.036753
0.003306
0.089020
0.000631
0.020213
0.006490
0.028880
0.023824
0.005381
0.015472
0.007080
0.047129
0.000305
0.000031
0.000010
0.000000
0.000081
0.000000
0.000000
0.000000
0.111786
0.022878
0.007446
0.000000
0.007762
0.000234
0.000142
0.000000
0.172312
0.055450
0.073771
0.049906
0.021525
0.012899
0.068736
0.036255
0.136414
0.019348
0.007711
0.000071
0.018992
0.000590
0.001139
0.000000
0.000875
0.000102
0.000163
0.000000
0.055400
0.001109
0.029806
0.000000
0.002035
0.000000
0.000010
0.000000
0.229085
0.000854
0.004740
0.000000
0.000671
0.000031
0.000000
0.000000
0.189290
0.030823
0.027140
0.045207
0.033315
0.039063
0.133820
0.029134
0.034180
0.041860
0.209483
0.094137
0.002136
0.000437
0.000356
0.000020
0.000977
0.000041
0.000041
0.000000
0.000824
0.000000
0.000000
0.000000
0.000183
0.000000
0.000000
0.000000
0.081319
0.001211
0.001048
0.000000
0.003743
0.000081
0.000132
0.000000
0.309326
0.084442
0.041423
0.039296
0.031443
0.057983
0.102783
0.030924
0.051503
0.001078
0.010569
0.000000
0.004354
0.001251
0.001729
0.000112
0.000020
0.000000
0.000000
0.000000
0.000000
0.000000
0.000000
0.000000
0.000000
0.000000
0.000000
0.000000
0.154805
0.000885
0.071299
0.000000
0.004761
0.000010
0.000000
0.000000
0.414846
0.033234
0.027669
0.040120
0.019867
0.009786
0.087952
0.028737
0.024272
0.003418
0.135081
0.000000
0.007253
0.011017
0.001811
0.000000
0.000753
0.005493
0.000000
0.000000
0.001027
0.000000
0.000000
0.000000
0.000559
0.000000
0.000000
0.000000
0.088664
0.007334
0.048167
0.000000
0.002604
0.000000
0.000336
0.000000
0.257568
0.113068
0.038167
0.030609
0.027252
0.073832
0.182953
0.019236
0.002055
0.000244
0.000448
0.000092
0.001750
0.000336
0.000437
0.000061
0.000031
0.000000
0.000000
0.000000
0.000000
0.000000
0.000000
0.000000
0.000000
0.000000
0.000000
0.000000
0.127950
0.001912
0.121562
0.000000
0.000437
0.000000
0.000000
0.000000
0.317200
0.062754
0.033407
0.023855
0.018188
0.033234
0.035350
0.005198
0.123322
0.001272
0.003408
0.002014
0.027405
0.012838
0.036611
0.052195
0.010132
0.025136
0.006816
0.044515
0.001048
0.000153
0.000000
0.000000
0.000793
0.000000
0.000000
0.000000
0.060303
0.057332
0.001567
0.000000
0.003916
0.000010
0.000031
0.000000
0.282837
0.098419
0.035624
0.026591
0.022349
0.028900
0.129201
0.024129
0.039805
0.055450
0.025126
0.045329
0.005371
0.000773
0.005646
0.000570
0.000600
0.000031
0.000448
0.000010
0.007151
0.000000
0.000000
0.000000
0.002502
0.000000
0.000000
0.000000
0.069997
0.050649
0.012899
0.000000
0.009277
0.019765
0.000549
0.000000
0.298869
0.065084
0.029053
0.058095
0.021149
0.011739
0.018402
0.015645
0.007965
0.000092
0.003459
0.000000
0.031921
0.012726
0.179871
0.065481
0.006775
0.018260
0.001577
0.034780
0.003092
0.001282
0.000000
0.000000
0.003387
0.000010
0.000000
0.000000
0.045939
0.063426
0.001892
0.000031
0.000000
0.000000
0.000000
0.000000
0.374034
0.047170
0.034170
0.036560
0.039225
0.077728
0.042877
0.015045
0.041321
0.022237
0.167928
0.024689
0.015208
0.001638
0.001709
0.000437
0.009593
0.001862
0.000102
0.000000
0.001689
0.000081
0.000031
0.000000
0.000305
0.000000
0.000000
0.000000
0.042714
0.000570
0.000336
0.000000
0.000743
0.000000
0.000000
0.000000
0.237315
0.036204
0.048665
0.077403
0.082255
0.030426
0.008382
0.004395
0.024790
0.010305
0.032969
0.038696
0.009379
0.032705
0.001007
0.011851
0.000712
0.002258
0.000000
0.000000
0.000427
0.000000
0.000000
0.000000
0.004608
0.000000
0.000092
0.000000
0.155050
0.058004
0.066650
0.023468
0.001984
0.000000
0.000000
0.000000
0.403086
0.053243
0.017008
0.010671
0.008535
0.007294
0.018646
0.011861
0.020355
0.000905
0.004222
0.000081
0.080027
0.004862
0.015533
0.000051
0.024485
0.129924
0.003520
0.000000
0.003662
0.002625
0.000041
0.000000
0.002004
0.000010
0.000031
0.000000
0.090688
0.012868
0.049632
0.023783
0.000203
0.000000
0.000142
0.000000
0.219594
0.063253
0.058014
0.030070
0.011302
0.010803
0.098226
0.016927
0.081370
0.009959
0.158569
0.047902
0.020630
0.011241
0.002340
0.000132
0.002462
0.003072
0.000315
0.000000
0.000722
0.000010
0.000020
0.000000
0.000600
0.000000
0.000000
0.000000
0.049703
0.016256
0.016968
0.061635
0.007385
0.000112
0.000407
0.000000
0.172119
0.095276
0.072764
0.151001
0.031118
0.046377
0.039256
0.012868
0.016001
0.009552
0.100413
0.076131
0.000214
0.000000
0.000000
0.000000
0.000275
0.000000
0.000000
0.000000
0.010152
0.000000
0.000000
0.000000
0.007935
0.000000
0.000000
0.000000
0.079773
0.075256
0.001780
0.000000
0.001536
0.000203
0.000000
0.000000
0.098714
0.048798
0.052175
0.057505
0.031596
0.021016
0.079325
0.025309
0.065786
0.011759
0.186167
0.140849
0.042216
0.024953
0.001068
0.000000
0.004659
0.002574
0.000010
0.000000
0.000610
0.000000
0.000000
0.000000
0.002207
0.000061
0.000142
0.000000
0.062805
0.038106
0.001027
0.000000
0.000559
0.000000
0.000000
0.000000
0.204712
0.039256
0.052134
0.061798
0.025940
0.018066
0.050720
0.032216
0.059408
0.007334
0.015198
0.000000
0.026591
0.000946
0.000326
0.000020
0.000397
0.000041
0.000010
0.000000
0.000183
0.000000
0.000000
0.000000
0.001729
0.000153
0.000153
0.000010
0.066386
0.117727
0.176992
0.039602
0.001892
0.000000
0.000061
0.000000
0.129639
0.022766
0.039164
0.090424
0.044535
0.026754
0.197835
0.017690
0.040619
0.037516
0.190165
0.019277
0.001994
0.002665
0.000590
0.000000
0.000783
0.000559
0.000336
0.000000
0.001750
0.000000
0.000010
0.000000
0.013194
0.000010
0.001027
0.000000
0.108541
0.005361
0.003265
0.000000
0.003235
0.000285
0.000010
0.000000
0.273265
0.031097
0.053650
0.037954
0.035655
0.023122
0.203796
0.028880
0.037710
0.008301
0.086650
0.002289
0.002645
0.000102
0.000010
0.000000
0.000051
0.000000
0.000000
0.000000
0.000926
0.000000
0.000071
0.000000
0.007843
0.000000
0.001801
0.000000
0.042623
0.112213
0.006948
0.000000
0.002370
0.000010
0.000020
0.000000
0.250234
0.121134
0.051951
0.050028
0.048126
0.122355
0.076569
0.012889
0.053935
0.006419
0.003896
0.000000
0.013041
0.004710
0.000427
0.000000
0.004191
0.002136
0.000010
0.000000
0.001444
0.000000
0.000000
0.000000
0.003194
0.000000
0.000000
0.000000
0.116577
0.035390
0.019541
0.000203
0.001597
0.000000
0.000000
0.000000
0.221263
0.093302
0.097249
0.049398
0.031911
0.034210
0.133138
0.014791
0.020976
0.000071
0.000224
0.000000
0.026693
0.000448
0.000468
0.000000
0.065928
0.000000
0.000000
0.000000
0.000600
0.000000
0.000000
0.000000
0.000010
0.000000
0.000000
0.000000
0.038798
0.161764
0.007619
0.000000
0.001139
0.000000
0.000000
0.000000
0.106557
0.049479
0.038106
0.024200
0.019979
0.017049
0.039673
0.018321
0.034790
0.000966
0.005717
0.000000
0.014943
0.015889
0.026591
0.067240
0.000092
0.000061
0.000041
0.000468
0.000010
0.000000
0.000000
0.000000
0.000010
0.000000
0.000000
0.000000
0.176239
0.314453
0.021118
0.000000
0.007975
0.000020
0.000010
0.000000
0.412343
0.163798
0.036184
0.022664
0.027608
0.046824
0.053792
0.016439
0.074758
0.002594
0.006002
0.005117
0.006968
0.011587
0.002472
0.001638
0.009878
0.007792
0.000519
0.000000
0.042389
0.000051
0.008586
0.000000
0.000142
0.000000
0.000000
0.000000
0.028076
0.008341
0.000478
0.000000
0.002960
0.000000
0.000000
0.000000
0.286163
0.119863
0.088409
0.034251
0.047180
0.043264
0.071401
0.008586
0.011312
0.003896
0.055044
0.005035
0.017721
0.010061
0.005656
0.027059
0.004751
0.011403
0.001536
0.013824
0.001048
0.001160
0.000000
0.000000
0.001333
0.000000
0.000000
0.000000
0.055003
0.009674
0.022512
0.039358
0.002289
0.000020
0.001190
0.000000
0.329875
0.121348
0.062653
0.012563
0.010213
0.007619
0.068420
0.021718
0.032979
0.017019
0.058573
0.001129
0.004059
0.008443
0.001455
0.013601
0.000041
0.000010
0.000000
0.000000
0.000834
0.000000
0.000000
0.000000
0.000234
0.000000
0.000000
0.000000
0.098043
0.109273
0.010091
0.000000
0.009806
0.000000
0.000000
0.000000
0.279551
0.082113
0.041880
0.026103
0.025828
0.025462
0.170380
0.031494
0.048981
0.015696
0.002035
0.000000
0.125590
0.007324
0.057170
0.000071
0.002797
0.000570
0.000275
0.000000
0.001129
0.000000
0.000092
0.000000
0.010040
0.000010
0.000102
0.000000
0.035227
0.003215
0.006653
0.000000
0.000214
0.000000
0.000000
0.000000
0.129659
0.060242
0.054281
0.054545
0.063843
0.056854
0.042653
0.014557
0.036764
0.002848
0.008921
0.000010
0.033508
0.030538
0.018555
0.024618
0.008433
0.023600
0.000488
0.004740
0.011129
0.000041
0.004954
0.000000
0.000275
0.000000
0.000000
0.000000
0.041484
0.105835
0.011261
0.153198
0.002136
0.000010
0.000020
0.000000
0.299764
0.011007
0.017242
0.032359
0.025309
0.009054
0.008952
0.002136
0.020416
0.008728
0.171824
0.117147
0.003428
0.003510
0.000692
0.000020
0.002167
0.004567
0.000590
0.000000
0.003296
0.000000
0.000020
0.000000
0.010691
0.000000
0.000203
0.000000
0.092183
0.005452
0.051270
0.087646
0.008321
0.000173
0.001831
0.000000
0.365417
0.034739
0.052236
0.059438
0.019918
0.022217
0.036428
0.013672
0.064473
0.000814
0.022959
0.000000
0.044607
0.079081
0.001862
0.000173
0.004201
0.008057
0.000712
0.000183
0.000264
0.000000
0.000000
0.000000
0.000682
0.000000
0.000285
0.000000
0.045756
0.116943
0.003357
0.000000
0.001526
0.000000
0.000000
0.000000
0.169891
0.117778
0.107107
0.070292
0.030599
0.030477
0.089030
0.021840
0.076223
0.024261
0.176860
0.013885
0.025798
0.001088
0.000773
0.000102
0.003255
0.000020
0.000061
0.000000
0.001312
0.000000
0.000010
0.000000
0.002981
0.000051
0.001831
0.000000
0.023956
0.001709
0.003347
0.000000
0.005330
0.000122
0.000010
0.000000
0.107320
0.037069
0.031932
0.021067
0.022329
0.014058
0.050517
0.032928
0.287842
0.015035
0.052887
0.035055
0.064362
0.015025
0.006195
0.005554
0.002767
0.000966
0.000000
0.000000
0.000132
0.000000
0.000000
0.000000
0.000000
0.000000
0.000000
0.000000
0.029795
0.167063
0.000031
0.000000
0.000071
0.000000
0.000000
0.000000
0.303904
0.064240
0.049327
0.032867
0.030660
0.024272
0.071198
0.009959
0.047679
0.009318
0.065715
0.018799
0.028188
0.019674
0.017995
0.055522
0.006734
0.006765
0.000692
0.002309
0.064056
0.000305
0.001617
0.000000
0.001211
0.000000
0.000000
0.000000
0.058523
0.001668
0.006358
0.000000
0.000448
0.000000
0.000000
0.000000
0.214376
0.143707
0.236928
0.078257
0.026713
0.028768
0.029622
0.006734
0.027649
0.000712
0.001892
0.000000
0.038361
0.030507
0.035960
0.007924
0.005015
0.009562
0.005809
0.012919
0.010071
0.000061
0.001190
0.000000
0.002686
0.000000
0.000122
0.000000
0.029215
0.001506
0.007365
0.005524
0.000844
0.000000
0.000000
0.000000
0.293711
0.123332
0.033712
0.028137
0.010946
0.009827
0.012217
0.008565
0.026418
0.001678
0.001577
0.000061
0.053294
0.019501
0.031169
0.034047
0.015788
0.021708
0.002716
0.055766
0.013275
0.000000
0.000000
0.000000
0.001251
0.000000
0.000000
0.000000
0.126424
0.008240
0.066345
0.000000
0.000264
0.000031
0.000000
0.000000
0.424510
0.055206
0.041107
0.093557
0.039185
0.013336
0.074158
0.045481
0.013346
0.010691
0.014506
0.006907
0.012858
0.000305
0.000336
0.000264
0.004639
0.000000
0.000010
0.000000
0.006795
0.000071
0.000000
0.000000
0.001587
0.000000
0.000010
0.000000
0.065653
0.056519
0.018575
0.000000
0.000387
0.000000
0.000000
0.000000
0.235291
0.082723
0.038900
0.031748
0.023692
0.021474
0.030833
0.011230
0.039276
0.031301
0.082611
0.040497
0.007304
0.000854
0.001190
0.000824
0.003947
0.000020
0.000254
0.000092
0.051137
0.000702
0.011556
0.000000
0.003998
0.000010
0.000112
0.000000
0.073680
0.172262
0.000427
0.000000
0.001912
0.000102
0.000041
0.000000
0.177643
0.139486
0.051575
0.040273
0.034719
0.022257
0.062815
0.014832
0.109060
0.003672
0.000244
0.000020
0.015635
0.000834
0.000651
0.000000
0.008667
0.000468
0.000682
0.000000
0.161469
0.000031
0.000946
0.000000
0.034180
0.000112
0.000020
0.000000
0.039113
0.080271
0.000092
0.000000
0.000234
0.000000
0.000000
0.000000
0.188477
0.089773
0.041107
0.021261
0.016215
0.019643
0.021617
0.014130
0.057261
0.045827
0.045980
0.173248
0.017893
0.001119
0.001068
0.000132
0.000966
0.000122
0.000092
0.000000
0.002238
0.000000
0.000000
0.000000
0.001801
0.000000
0.000000
0.000000
0.039571
0.189535
0.003113
0.000071
0.006897
0.000793
0.000051
0.000000
0.257670
0.136261
0.087270
0.123962
0.080444
0.042999
0.006846
0.001414
0.024058
0.005585
0.077332
0.008077
0.016235
0.003794
0.015361
0.002675
0.009196
0.007009
0.012522
0.021851
0.006276
0.000010
0.000000
0.000000
0.000885
0.000000
0.000000
0.000000
0.050618
0.000020
0.000031
0.000000
0.001597
0.000000
0.000000
0.000000
0.415202
0.069092
0.038615
0.088348
0.025228
0.017131
0.097697
0.005961
0.081523
0.004995
0.012492
0.000102
0.034902
0.028503
0.012136
0.000000
0.005361
0.028300
0.000427
0.000000
0.010457
0.000020
0.000010
0.000000
0.000051
0.000000
0.000000
0.000000
0.007701
0.014984
0.000122
0.000000
0.000610
0.000031
0.000000
0.000000
0.092102
0.096161
0.046783
0.022705
0.012675
0.009857
0.113363
0.010030
0.020009
0.008921
0.065145
0.062724
0.009257
0.012400
0.002340
0.002146
0.006490
0.040476
0.000916
0.001129
0.007721
0.000000
0.000000
0.000000
0.000529
0.000000
0.000000
0.000000
0.128693
0.208496
0.016154
0.000000
0.002767
0.000010
0.000000
0.000000
0.458160
0.051666
0.039886
0.057241
0.010946
0.009532
0.017405
0.015401
0.024373
0.000336
0.004079
0.000000
0.035146
0.000559
0.000244
0.000000
0.004974
0.000295
0.000000
0.000000
0.009603
0.000020
0.000000
0.000000
0.000407
0.000000
0.000000
0.000000
0.134247
0.091949
0.033162
0.000000
0.000366
0.000000
0.000000
0.000000
0.197469
0.044332
0.047211
0.120138
0.066162
0.065999
0.036489
0.010712
0.086466
0.001404
0.006561
0.000427
0.043559
0.019440
0.023305
0.032603
0.000081
0.000885
0.000000
0.000000
0.000000
0.000000
0.000000
0.000000
0.000061
0.000000
0.000000
0.000000
0.090220
0.079641
0.019318
0.004974
0.002543
0.000000
0.000000
0.000000
0.365743
0.085754
0.019582
0.039205
0.045074
0.036072
0.041514
0.002818
0.037832
0.016724
0.033580
0.019450
0.015279
0.002930
0.001048
0.000000
0.018219
0.000326
0.002207
0.000000
0.171600
0.000214
0.011363
0.000000
0.000926
0.000000
0.000000
0.000000
0.032003
0.000000
0.000000
0.000000
0.000387
0.000153
0.000000
0.000000
0.100433
0.032349
0.101013
0.154765
0.049103
0.077942
0.213715
0.021291
0.026072
0.021779
0.046082
0.058919
0.004272
0.000692
0.000020
0.000000
0.003062
0.000163
0.000264
0.000000
0.031260
0.000000
0.000570
0.000000
0.007568
0.000020
0.000783
0.000000
0.043132
0.000966
0.001495
0.000000
0.002167
0.000071
0.000031
0.000000
0.373464
0.070465
0.059998
0.080912
0.026693
0.034403
0.078359
0.049388
0.070953
0.003662
0.008006
0.002909
0.008260
0.004852
0.001414
0.000376
0.003510
0.024231
0.001363
0.010386
0.007029
0.003255
0.004669
0.009054
0.000000
0.000000
0.000000
0.000000
0.037242
0.024078
0.000020
0.000000
0.001048
0.000000
0.000000
0.000000
0.206960
0.122772
0.060628
0.034200
0.034119
0.159383
0.064555
0.026001
0.029165
0.000895
0.007690
0.000081
0.006836
0.000254
0.000081
0.000000
0.002543
0.000020
0.000000
0.000000
0.120036
0.000112
0.000071
0.000000
0.003896
0.000010
0.000000
0.000000
0.039734
0.079295
0.000142
0.000000
0.000519
0.000000
0.000000
0.000000
0.150146
0.015371
0.040334
0.045542
0.016683
0.007884
0.105957
0.016449
0.023641
0.032756
0.154805
0.069845
0.000203
0.000000
0.000000
0.000000
0.000041
0.000000
0.000000
0.000000
0.012929
0.000000
0.000000
0.000000
0.015523
0.000112
0.001139
0.000000
0.099243
0.165934
0.019572
0.000000
0.005503
0.000326
0.000061
0.000000
0.106008
0.075582
0.170237
0.128306
0.069916
0.038696
0.050700
0.022420
0.043854
0.026530
0.041311
0.007253
0.040426
0.016317
0.004812
0.000224
0.051697
0.001109
0.003988
0.000000
0.039134
0.000092
0.001719
0.000000
0.001200
0.000000
0.000010
0.000000
0.054728
0.001444
0.002136
0.000000
0.000153
0.000000
0.000000
0.000000
0.432037
0.074870
0.062683
0.028625
0.009603
0.010600
0.019948
0.010468
0.134420
0.012705
0.026103
0.045278
0.033854
0.008097
0.005951
0.015147
0.007161
0.000000
0.000000
0.000000
0.014313
0.000000
0.000000
0.000000
0.007660
0.000295
0.000132
0.000000
0.019969
0.011525
0.008514
0.000000
0.000041
0.000000
0.000000
0.000000
0.249644
0.059784
0.046692
0.043365
0.091400
0.040700
0.092814
0.039876
0.019674
0.014669
0.057149
0.001007
0.011292
0.028544
0.002319
0.000020
0.002157
0.009786
0.003357
0.000549
0.023071
0.000041
0.001333
0.000000
0.007080
0.000000
0.004913
0.000000
0.021342
0.031626
0.004415
0.091044
0.000336
0.000000
0.000000
0.000000
0.119202
0.019409
0.032196
0.020905
0.010630
0.008372
0.034973
0.029551
0.035400
0.014689
0.252747
0.004995
0.034231
0.000132
0.000010
0.000000
0.045288
0.000000
0.000000
0.000000
0.047780
0.000000
0.000000
0.000000
0.000356
0.000000
0.000000
0.000000
0.051483
0.220408
0.012156
0.000000
0.004771
0.000193
0.000122
0.000000
0.310944
0.138326
0.041016
0.028392
0.018921
0.033539
0.060801
0.021505
0.029409
0.015218
0.030874
0.014170
0.053304
0.000254
0.019470
0.000264
0.029124
0.000000
0.000773
0.000000
0.037811
0.000214
0.000305
0.000000
0.010824
0.000509
0.010478
0.000000
0.073029
0.011546
0.008504
0.000000
0.000468
0.000010
0.000000
0.000000
0.220510
0.056142
0.036469
0.024028
0.030172
0.017700
0.043925
0.019104
0.135030
0.046539
0.017466
0.150350
0.001770
0.000081
0.000000
0.000000
0.001434
0.000203
0.000020
0.000000
0.000102
0.000000
0.000000
0.000000
0.000234
0.000000
0.000000
0.000000
0.176646
0.008942
0.002228
0.000132
0.010040
0.000722
0.000010
0.000000
0.332011
0.036336
0.010569
0.008769
0.006897
0.006063
0.022644
0.014811
0.033936
0.012553
0.018127
0.038635
0.014272
0.092733
0.003540
0.002716
0.000417
0.014038
0.000010
0.000000
0.000010
0.000000
0.000000
0.000000
0.000010
0.000000
0.000000
0.000000
0.053965
0.060354
0.051076
0.155619
0.009888
0.000000
0.000000
0.000000
0.293650
0.048503
0.024658
0.022349
0.032043
0.012848
0.112427
0.034973
0.061371
0.060069
0.171977
0.022451
0.018097
0.006968
0.001658
0.000061
0.014445
0.006927
0.000295
0.000000
0.022614
0.000000
0.000295
0.000000
0.009186
0.000000
0.000000
0.000000
0.019267
0.001536
0.001231
0.000000
0.000102
0.000000
0.000000
0.000000
0.182729
0.029124
0.067322
0.043793
0.017395
0.205841
0.035227
0.013346
0.006510
0.000458
0.000427
0.000000
0.001963
0.007507
0.000071
0.000000
0.000326
0.000254
0.000000
0.000000
0.000387
0.000000
0.000000
0.000000
0.000315
0.000010
0.000000
0.000000
0.092865
0.050049
0.240489
0.000051
0.003520
0.000000
0.000020
0.000000
0.125783
0.015381
0.015157
0.022359
0.019196
0.016256
0.092397
0.081635
0.229319
0.051941
0.190165
0.073781
0.013529
0.013468
0.001139
0.000000
0.001495
0.011505
0.000031
0.000000
0.000000
0.000010
0.000000
0.000000
0.000000
0.000000
0.000000
0.000000
0.013092
0.000031
0.000000
0.000000
0.012227
0.000051
0.000051
0.000000
0.263519
0.083669
0.027598
0.022695
0.026398
0.014506
0.017721
0.007070
0.067769
0.004751
0.022939
0.012838
0.104238
0.019897
0.007192
0.000498
0.007975
0.032827
0.000092
0.000000
0.014760
0.000376
0.000000
0.000000
0.000773
0.000000
0.000000
0.000000
0.055461
0.176463
0.000356
0.000000
0.006978
0.000010
0.000631
0.000000
0.190908
0.063507
0.015411
0.009145
0.005422
0.004801
0.023204
0.008230
0.098582
0.028666
0.130219
0.211121
0.003062
0.001719
0.000417
0.001526
0.001811
0.002431
0.000315
0.001312
0.004171
0.000092
0.000000
0.000000
0.000163
0.000000
0.000000
0.000000
0.057231
0.123912
0.000651
0.000000
0.010701
0.001221
0.000051
0.000000
0.150065
0.056051
0.026988
0.032338
0.039551
0.026723
0.023448
0.007243
0.111694
0.027659
0.085856
0.210449
0.001719
0.002197
0.002869
0.007284
0.000010
0.000987
0.000926
0.019206
0.000061
0.000000
0.000000
0.000000
0.001383
0.000000
0.000000
0.000000
0.056569
0.073334
0.014038
0.015177
0.005870
0.000305
0.000000
0.000000
0.170044
0.035431
0.030365
0.035431
0.014852
0.026652
0.162964
0.018504
0.019094
0.010345
0.074463
0.011739
0.011648
0.006246
0.002441
0.016408
0.032847
0.000000
0.000020
0.000000
0.076996
0.000000
0.000336
0.000000
0.000498
0.000000
0.000000
0.000000
0.241007
0.000000
0.001597
0.000000
0.000071
0.000000
0.000000
0.000000
0.160258
0.091482
0.176280
0.063222
0.038483
0.054688
0.069916
0.033559
0.006927
0.001068
0.000081
0.000000
0.026479
0.014760
0.001394
0.000000
0.010335
0.016317
0.001119
0.000000
0.210551
0.000977
0.005595
0.000000
0.001485
0.000000
0.000000
0.000000
0.015025
0.000000
0.000000
0.000000
0.000000
0.000000
0.000000
0.000000
0.152486
0.023763
0.036560
0.023926
0.025838
0.044810
0.153280
0.006083
0.076752
0.007629
0.092834
0.008504
0.079315
0.000214
0.000071
0.000000
0.006307
0.000000
0.000000
0.000000
0.001058
0.000000
0.000193
0.000000
0.006632
0.000000
0.004374
0.000000
0.197591
0.002441
0.042531
0.000000
0.005809
0.000692
0.000305
0.000000
0.157572
0.032359
0.024699
0.088389
0.030172
0.034973
0.125214
0.018677
0.056030
0.022400
0.110067
0.083639
0.006734
0.001851
0.000692
0.000041
0.003184
0.004059
0.000163
0.000000
0.043172
0.000397
0.001536
0.000000
0.001099
0.000234
0.000010
0.000000
0.058543
0.086792
0.001709
0.002482
0.002940
0.000153
0.000020
0.000000
0.213582
0.028575
0.012054
0.007222
0.009094
0.018656
0.069010
0.017466
0.025818
0.014323
0.068746
0.198049
0.012299
0.055868
0.000305
0.000153
0.003845
0.002004
0.000031
0.000000
0.003672
0.000000
0.000010
0.000000
0.001465
0.000010
0.000051
0.000000
0.040029
0.064982
0.017853
0.110097
0.004395
0.000081
0.000254
0.000000
0.237447
0.066518
0.041423
0.036397
0.030813
0.034993
0.172872
0.011342
0.008179
0.000722
0.000427
0.000000
0.074972
0.079315
0.002065
0.000000
0.013306
0.000102
0.000071
0.000000
0.104828
0.007660
0.000163
0.000000
0.006490
0.000000
0.000163
0.000000
0.047994
0.005697
0.015991
0.000000
0.000051
0.000000
0.000000
0.000000
0.153239
0.057973
0.026459
0.023326
0.020264
0.037323
0.053040
0.032298
0.039164
0.010620
0.002085
0.000000
0.020660
0.130778
0.001394
0.000000
0.000112
0.001333
0.000000
0.000000
0.000193
0.000000
0.000000
0.000000
0.001099
0.000000
0.000000
0.000000
0.089417
0.160248
0.136963
0.000000
0.002004
0.000010
0.000000
0.000000
0.176748
0.010549
0.049032
0.037557
0.004262
0.003591
0.003387
0.000814
0.024862
0.009542
0.292002
0.096385
0.001292
0.007100
0.000010
0.000000
0.000010
0.000763
0.000000
0.000000
0.000020
0.000000
0.000000
0.000000
0.001068
0.000010
0.000010
0.000000
0.026978
0.221863
0.018433
0.000000
0.009033
0.003082
0.001597
0.000000
0.260559
0.035309
0.024241
0.018514
0.014943
0.021769
0.125926
0.035746
0.024434
0.019358
0.019511
0.006602
0.045349
0.014374
0.002340
0.019714
0.002126
0.000020
0.000000
0.000000
0.004730
0.000000
0.000000
0.000000
0.000865
0.000000
0.000000
0.000000
0.069204
0.216431
0.017273
0.000000
0.000641
0.000020
0.000000
0.000000
0.359182
0.033875
0.017802
0.016774
0.010905
0.010386
0.074880
0.021495
0.005849
0.003459
0.006917
0.000407
0.048777
0.004283
0.000183
0.000000
0.020172
0.000000
0.000264
0.000000
0.031403
0.000020
0.056722
0.000000
0.017792
0.000732
0.021159
0.000000
0.049001
0.063100
0.113057
0.010864
0.000539
0.000000
0.000000
0.000000
0.209076
0.092102
0.025513
0.014069
0.010874
0.011037
0.027771
0.024699
0.049266
0.016042
0.058289
0.039347
0.002625
0.007792
0.003143
0.019348
0.000061
0.000417
0.000000
0.003052
0.000000
0.000000
0.000000
0.000000
0.000061
0.000153
0.000000
0.000000
0.074900
0.184184
0.055044
0.058767
0.009633
0.001526
0.001211
0.000000
0.210347
0.141286
0.062968
0.074910
0.057566
0.034424
0.120443
0.007680
0.102448
0.000081
0.002228
0.000000
0.047323
0.005564
0.064575
0.045034
0.001892
0.005900
0.000000
0.006795
0.000102
0.000000
0.000000
0.000000
0.001027
0.000000
0.000000
0.000000
0.007294
0.000000
0.000000
0.000000
0.000112
0.000000
0.000000
0.000000
0.397522
0.025085
0.021057
0.050039
0.042379
0.014506
0.099874
0.027883
0.129710
0.009542
0.011312
0.003520
0.020264
0.001678
0.000397
0.000000
0.006907
0.000000
0.000112
0.000000
0.012939
0.000000
0.000183
0.000000
0.012563
0.000793
0.004995
0.000000
0.052785
0.035126
0.018066
0.000000
0.000763
0.000000
0.000000
0.000000
0.271515
0.039653
0.024434
0.107869
0.013713
0.013957
0.084147
0.024282
0.015828
0.005747
0.041036
0.031158
0.004089
0.004191
0.002706
0.002258
0.018270
0.005402
0.000132
0.003632
0.092397
0.000092
0.001404
0.000000
0.006154
0.000102
0.000092
0.000000
0.052409
0.113546
0.018962
0.000000
0.000793
0.000031
0.000000
0.000000
0.222392
0.025024
0.013224
0.018758
0.012644
0.012217
0.038076
0.037435
0.122772
0.012634
0.229390
0.016256
0.038940
0.005646
0.002736
0.002675
0.002604
0.006053
0.000031
0.000000
0.000193
0.000020
0.000000
0.000000
0.000163
0.000000
0.000000
0.000000
0.015584
0.094930
0.001088
0.068319
0.000193
0.000000
0.000000
0.000000
0.315582
0.019430
0.014954
0.012929
0.009837
0.007263
0.012441
0.008179
0.008280
0.003143
0.036967
0.002248
0.169922
0.058665
0.037547
0.046254
0.030121
0.038951
0.004903
0.055013
0.025574
0.000173
0.002655
0.000000
0.021586
0.000427
0.007253
0.000000
0.029582
0.002330
0.017721
0.000000
0.000071
0.000000
0.000000
0.000000
0.247396
0.033101
0.032227
0.038757
0.015462
0.004862
0.017883
0.009440
0.223277
0.001099
0.007273
0.000376
0.134511
0.061371
0.021047
0.004842
0.010559
0.126943
0.003052
0.000824
0.000020
0.000000
0.000000
0.000000
0.000000
0.000000
0.000000
0.000000
0.002889
0.001231
0.000153
0.000132
0.001272
0.000000
0.000000
0.000000
0.214793
0.038035
0.032857
0.029012
0.067078
0.150289
0.026479
0.005666
0.049174
0.019633
0.051849
0.000956
0.007731
0.000214
0.000254
0.000092
0.009186
0.000020
0.000570
0.000000
0.106303
0.000051
0.008728
0.000000
0.036275
0.000000
0.000631
0.000000
0.125244
0.003947
0.011902
0.000000
0.002879
0.000153
0.000000
0.000000
0.315786
0.038279
0.051819
0.038432
0.059764
0.034943
0.024719
0.022583
0.029236
0.036662
0.078094
0.064128
0.001862
0.000010
0.000000
0.000000
0.067973
0.000020
0.000000
0.000000
0.035207
0.000000
0.000336
0.000000
0.067067
0.000000
0.004801
0.000000
0.026499
0.000000
0.000621
0.000000
0.001119
0.000031
0.000010
0.000000
0.348419
0.055084
0.028503
0.021454
0.010986
0.007558
0.030792
0.028931
0.126414
0.033630
0.057760
0.051229
0.011322
0.007650
0.001750
0.000000
0.007467
0.012207
0.000631
0.000000
0.073547
0.000102
0.000966
0.000000
0.036377
0.000031
0.000224
0.000000
0.045247
0.000559
0.000692
0.000000
0.000468
0.000000
0.000000
0.000000
0.353434
0.058716
0.025574
0.021729
0.156413
0.025299
0.015442
0.007304
0.025116
0.003825
0.024780
0.005117
0.011495
0.015645
0.019348
0.076050
0.003153
0.009552
0.000305
0.005798
0.009928
0.000000
0.000041
0.000000
0.039327
0.000000
0.003347
0.000000
0.062500
0.001770
0.018056
0.000000
0.000936
0.000000
0.000000
0.000000
0.189728
0.043610
0.048035
0.054454
0.080709
0.045471
0.039510
0.039988
0.065287
0.031799
0.078247
0.066589
0.033081
0.021088
0.003337
0.000295
0.006165
0.003398
0.000977
0.000610
0.063324
0.005798
0.004313
0.000000
0.000875
0.000020
0.000010
0.000000
0.068654
0.000061
0.004089
0.000000
0.000478
0.000000
0.000000
0.000000
