0.041081
0.016212
0.066898
0.037299
0.003216
0.006534
0.017325
0.001062
0.015305
0.030764
0.028085
0.005885
0.016418
0.013584
0.006328
0.000608
0.001515
0.002061
0.001288
0.156099
0.008431
0.009234
0.003597
0.005452
0.004463
0.003906
0.001938
0.001546
0.003009
0.000041
0.000062
0.003061
0.069794
0.035495
0.007235
0.016191
0.009482
0.008400
0.000587
0.001000
0.001783
0.000989
0.066816
0.004576
0.005452
0.017923
0.002020
0.007967
0.079822
0.034825
0.117337
0.037412
0.015274
0.055015
0.039071
0.002711
0.006081
0.013037
0.000773
0.013110
0.035289
0.025240
0.005699
0.012151
0.012718
0.005802
0.000495
0.001371
0.001330
0.001031
0.143093
0.008977
0.008327
0.003700
0.005638
0.004380
0.003576
0.001824
0.001422
0.002618
0.000041
0.000124
0.003380
0.085511
0.042895
0.007606
0.012945
0.010141
0.007400
0.000701
0.000711
0.001350
0.001082
0.084202
0.005102
0.005442
0.014944
0.002236
0.005122
0.072577
0.045100
0.124222
0.047213
0.021365
0.059766
0.036361
0.004586
0.007297
0.017995
0.001886
0.014398
0.028713
0.028961
0.006575
0.016305
0.012182
0.006483
0.001072
0.002206
0.001989
0.001783
0.139145
0.009399
0.009399
0.003731
0.004926
0.004586
0.004339
0.002370
0.001979
0.003514
0.000124
0.000155
0.003051
0.080090
0.034495
0.007884
0.015377
0.008729
0.008431
0.001185
0.001350
0.001886
0.001463
0.067651
0.005638
0.006246
0.017768
0.002360
0.008534
0.072010
0.039329
0.115719
0.038783
0.013522
0.069135
0.036082
0.002659
0.006039
0.015006
0.000618
0.018149
0.030012
0.027332
0.005297
0.014357
0.012161
0.005328
0.000423
0.001309
0.001618
0.000866
0.150596
0.008152
0.008276
0.004112
0.005163
0.004473
0.003906
0.001309
0.001268
0.002412
0.000062
0.000093
0.002865
0.071639
0.035474
0.007173
0.014666
0.008740
0.008286
0.000711
0.000855
0.001536
0.000917
0.068011
0.004123
0.005699
0.015449
0.001711
0.008554
0.081379
0.034258
0.139434
0.031331
0.010935
0.046574
0.030187
0.002257
0.004566
0.010770
0.000814
0.014315
0.032671
0.026436
0.004236
0.010100
0.009781
0.003968
0.000495
0.001319
0.001247
0.000773
0.170487
0.007019
0.006411
0.003494
0.003360
0.002989
0.002855
0.001299
0.000866
0.001989
0.000031
0.000062
0.002216
0.121429
0.049244
0.006101
0.010853
0.006771
0.005782
0.000484
0.000721
0.001062
0.000732
0.081008
0.004246
0.004195
0.011048
0.001587
0.006173
0.060653
0.037165
0.144896
0.046822
0.020664
0.069392
0.038576
0.004174
0.007153
0.017861
0.002195
0.017325
0.029476
0.026405
0.006277
0.016789
0.012089
0.006349
0.000763
0.001711
0.002298
0.001659
0.148143
0.008863
0.009173
0.003679
0.005936
0.005370
0.004236
0.001701
0.001690
0.004524
0.000113
0.000155
0.002845
0.068094
0.034196
0.007307
0.019901
0.008802
0.007173
0.001144
0.001371
0.002185
0.001309
0.063332
0.005318
0.006349
0.018768
0.003185
0.008132
0.081420
0.038989
0.098621
0.043266
0.016408
0.060766
0.034268
0.003205
0.005988
0.014130
0.001082
0.018696
0.024354
0.030785
0.005504
0.012945
0.011759
0.004731
0.000752
0.001659
0.001577
0.000928
0.123026
0.008389
0.007884
0.004442
0.003484
0.003628
0.003793
0.001886
0.001453
0.002721
0.000082
0.000021
0.002628
0.071701
0.028878
0.007153
0.012914
0.006823
0.008492
0.000855
0.001257
0.001546
0.001031
0.060632
0.004999
0.005813
0.013821
0.001618
0.009224
0.068578
0.036855
0.201571
0.060302
0.028435
0.067300
0.047182
0.005576
0.010038
0.020097
0.002731
0.013841
0.028033
0.032455
0.009420
0.018675
0.013676
0.009935
0.001268
0.002463
0.002443
0.002494
0.119399
0.011522
0.010523
0.005205
0.006132
0.006060
0.005091
0.003154
0.002463
0.004349
0.000144
0.000247
0.004277
0.048130
0.032372
0.010595
0.017923
0.010090
0.010440
0.001618
0.001814
0.002123
0.001824
0.063435
0.006359
0.008565
0.019108
0.002741
0.009750
0.077802
0.033939
0.086439
0.046626
0.019737
0.063105
0.037185
0.004009
0.006709
0.017428
0.002164
0.015480
0.032011
0.030785
0.006039
0.015830
0.012440
0.006194
0.001185
0.001835
0.001917
0.001494
0.162582
0.008987
0.008812
0.004380
0.004834
0.004751
0.004061
0.002092
0.002102
0.003669
0.000124
0.000165
0.003205
0.070722
0.035093
0.008317
0.015696
0.007987
0.008307
0.001278
0.001525
0.001886
0.001546
0.063250
0.005668
0.006349
0.017985
0.002834
0.007843
0.074813
0.036206
0.100754
0.035577
0.011007
0.061889
0.029878
0.002216
0.005050
0.012770
0.000773
0.017057
0.030465
0.024488
0.003885
0.011378
0.010894
0.004421
0.000412
0.001175
0.001319
0.000938
0.151647
0.007101
0.006967
0.003659
0.004370
0.003442
0.003308
0.001134
0.001031
0.002164
0.000062
0.000093
0.002329
0.103568
0.041071
0.006988
0.011801
0.007555
0.006689
0.000701
0.000825
0.001113
0.000835
0.081585
0.004287
0.004854
0.012811
0.001824
0.006400
0.073371
0.043163
0.137661
0.045399
0.016469
0.064569
0.035392
0.003762
0.006802
0.015903
0.001185
0.017150
0.030321
0.033001
0.006225
0.013594
0.012027
0.004720
0.000670
0.002020
0.001433
0.001278
0.147865
0.009049
0.009018
0.004081
0.004112
0.003391
0.004978
0.001762
0.001711
0.002741
0.000155
0.000113
0.002546
0.086604
0.029218
0.006998
0.014140
0.007441
0.008946
0.001010
0.001659
0.001587
0.001185
0.063693
0.005081
0.006009
0.016129
0.001793
0.010780
0.076947
0.037000
0.120336
0.037061
0.013934
0.063415
0.030599
0.002381
0.005029
0.015058
0.000989
0.016974
0.028981
0.024570
0.004009
0.013790
0.011430
0.004865
0.000680
0.001505
0.001567
0.001175
0.168323
0.008008
0.007936
0.003659
0.004411
0.003679
0.003133
0.001525
0.001134
0.002360
0.000041
0.000031
0.002247
0.102939
0.036536
0.006586
0.012893
0.007163
0.006132
0.000546
0.000989
0.001494
0.000948
0.073391
0.004741
0.005246
0.014233
0.001711
0.007606
0.076535
0.040164
0.115647
0.047883
0.020015
0.064425
0.036763
0.004133
0.007091
0.017861
0.001855
0.016243
0.030156
0.025838
0.005957
0.015738
0.011924
0.006823
0.000938
0.002020
0.001907
0.001690
0.144865
0.008843
0.009080
0.004040
0.005596
0.005205
0.003648
0.002474
0.001907
0.003628
0.000041
0.000134
0.003195
0.072031
0.037371
0.008255
0.015882
0.009338
0.008410
0.001247
0.001185
0.001896
0.001330
0.071021
0.005390
0.006380
0.017294
0.002783
0.008297
0.079523
0.037886
0.102568
0.040081
0.014068
0.061044
0.035897
0.002690
0.005102
0.015387
0.000886
0.015037
0.031331
0.027250
0.005483
0.013254
0.011388
0.005370
0.000526
0.001412
0.001402
0.000907
0.161675
0.007678
0.007998
0.003442
0.004287
0.004071
0.003535
0.001556
0.001268
0.002267
0.000062
0.000052
0.002319
0.091757
0.041452
0.006946
0.014089
0.007039
0.007317
0.000660
0.001041
0.001587
0.000928
0.073278
0.004813
0.005153
0.015645
0.001628
0.008121
0.073721
0.039112
0.116987
0.043328
0.013347
0.070052
0.037381
0.002412
0.006050
0.014707
0.000804
0.017304
0.032723
0.031177
0.005328
0.013068
0.013522
0.005462
0.000392
0.001494
0.001536
0.001072
0.163736
0.008513
0.008894
0.003834
0.004638
0.003968
0.003958
0.001474
0.001175
0.002556
0.000021
0.000062
0.002917
0.082821
0.039246
0.006843
0.013821
0.008142
0.008472
0.000660
0.000886
0.001165
0.000752
0.071886
0.004092
0.004792
0.014707
0.001876
0.009121
0.083904
0.032908
0.097003
0.047698
0.019427
0.064363
0.039154
0.003824
0.008029
0.018180
0.002020
0.015119
0.027312
0.028085
0.006792
0.016346
0.013151
0.008286
0.000742
0.001835
0.001958
0.001948
0.140547
0.009564
0.009688
0.004473
0.006132
0.005772
0.004463
0.002422
0.001896
0.003453
0.000062
0.000134
0.003556
0.076535
0.034011
0.008812
0.014707
0.010440
0.008812
0.001031
0.001257
0.001639
0.001360
0.066187
0.005122
0.007256
0.017201
0.002123
0.007307
0.077905
0.035392
0.106474
0.033547
0.013017
0.057375
0.032619
0.002463
0.005380
0.013213
0.000814
0.017005
0.030960
0.027456
0.004772
0.012646
0.010801
0.004689
0.000361
0.001340
0.001391
0.000639
0.164406
0.007895
0.008194
0.003762
0.003762
0.003659
0.003494
0.001340
0.001010
0.002247
0.000082
0.000031
0.002247
0.108288
0.037670
0.006431
0.013151
0.006555
0.006483
0.000598
0.000804
0.001113
0.000701
0.074040
0.004452
0.004669
0.013872
0.001814
0.007091
0.070011
0.040205
0.129437
0.049501
0.022303
0.061941
0.038587
0.004803
0.007647
0.018129
0.001793
0.013883
0.027518
0.028786
0.007565
0.016078
0.012481
0.007524
0.000948
0.002257
0.002175
0.001855
0.132683
0.009214
0.010049
0.004473
0.005833
0.005411
0.004215
0.002834
0.001855
0.003690
0.000072
0.000144
0.003339
0.071464
0.035031
0.009183
0.015830
0.009502
0.009214
0.001226
0.001443
0.002051
0.001567
0.069197
0.005730
0.007029
0.016573
0.002649
0.008101
0.074576
0.038875
0.111174
0.051676
0.017418
0.073072
0.041318
0.003906
0.007245
0.016810
0.001123
0.019335
0.027724
0.037350
0.006946
0.014161
0.014336
0.006266
0.000587
0.001814
0.001608
0.001175
0.145267
0.009234
0.009245
0.004875
0.004432
0.004411
0.005483
0.001804
0.001536
0.002783
0.000031
0.000124
0.003762
0.073278
0.030445
0.008029
0.015078
0.007853
0.009935
0.000969
0.001412
0.001391
0.001288
0.059684
0.005174
0.006380
0.016861
0.001752
0.012646
0.085377
0.028157
0.097436
0.045410
0.015222
0.068939
0.042039
0.003020
0.006637
0.014893
0.001000
0.016573
0.033918
0.035753
0.005844
0.014078
0.014068
0.005823
0.000587
0.001701
0.001412
0.001154
0.165447
0.009018
0.008606
0.005483
0.004555
0.004370
0.004298
0.001597
0.001175
0.002597
0.000062
0.000052
0.003236
0.073649
0.042864
0.007967
0.013893
0.008863
0.008441
0.000701
0.000989
0.001381
0.000907
0.072319
0.004339
0.006009
0.014831
0.001845
0.008791
0.081172
0.028280
0.084192
0.043297
0.017242
0.063611
0.036804
0.003339
0.006390
0.017418
0.001587
0.015666
0.027909
0.030692
0.006122
0.015841
0.012027
0.005534
0.000783
0.001649
0.001783
0.001381
0.150256
0.008431
0.009379
0.004071
0.005339
0.004421
0.004092
0.001783
0.001814
0.003545
0.000093
0.000134
0.002587
0.076174
0.030919
0.007132
0.016686
0.008884
0.007359
0.000938
0.000876
0.001865
0.001330
0.062827
0.005802
0.006421
0.018861
0.001969
0.007833
0.077040
0.036927
0.125139
0.052954
0.024210
0.057777
0.038030
0.005359
0.008101
0.018118
0.002649
0.014377
0.030321
0.029126
0.006411
0.016160
0.012419
0.007379
0.001731
0.002669
0.002474
0.001865
0.122655
0.009152
0.009791
0.004329
0.005380
0.004957
0.003504
0.003051
0.003051
0.004081
0.000361
0.000196
0.003185
0.068300
0.033640
0.008812
0.015624
0.009338
0.008369
0.001690
0.002267
0.002484
0.002216
0.067187
0.006411
0.007390
0.019046
0.003865
0.010038
0.070083
0.043544
0.113874
0.051160
0.022715
0.065249
0.040875
0.004823
0.008255
0.019654
0.002113
0.016634
0.026941
0.025663
0.007606
0.017304
0.014006
0.007637
0.001062
0.002030
0.002556
0.001927
0.119522
0.009770
0.009935
0.004762
0.005617
0.005504
0.004885
0.002968
0.002319
0.004030
0.000082
0.000103
0.003906
0.063909
0.034258
0.010080
0.016294
0.009688
0.009853
0.001206
0.001319
0.002175
0.001628
0.069506
0.006277
0.007153
0.018696
0.002041
0.008204
0.080173
0.037546
0.108381
0.040854
0.013068
0.069774
0.034042
0.002463
0.005112
0.013604
0.000938
0.022839
0.026590
0.032516
0.004380
0.012502
0.012460
0.004164
0.000474
0.001525
0.001525
0.000855
0.176970
0.007915
0.008183
0.004030
0.003659
0.002979
0.004628
0.001185
0.001072
0.002164
0.000072
0.000062
0.002082
0.095447
0.034856
0.006153
0.011687
0.006720
0.007400
0.000577
0.000752
0.001360
0.000701
0.066599
0.004483
0.004195
0.012656
0.001556
0.010471
0.082811
0.032393
0.104496
0.043668
0.016016
0.062734
0.034907
0.002803
0.006297
0.015171
0.001123
0.016335
0.029208
0.028105
0.005720
0.013676
0.011739
0.005679
0.000598
0.001711
0.001577
0.001226
0.147452
0.007926
0.008400
0.003958
0.004751
0.004112
0.004019
0.001463
0.001330
0.002927
0.000052
0.000000
0.002752
0.079657
0.035072
0.007400
0.014594
0.008039
0.008173
0.000639
0.001072
0.001649
0.001082
0.066373
0.004782
0.005163
0.015511
0.001948
0.008224
0.074813
0.034062
0.144309
0.051294
0.019180
0.076174
0.036474
0.004164
0.006730
0.017253
0.001556
0.018850
0.026415
0.028157
0.006843
0.015830
0.012079
0.005875
0.001103
0.002154
0.002443
0.001649
0.136847
0.008740
0.008657
0.003731
0.004999
0.004071
0.004535
0.002061
0.002030
0.003329
0.000175
0.000124
0.002546
0.065115
0.028425
0.007338
0.016098
0.007936
0.009018
0.001350
0.001659
0.001958
0.001257
0.059107
0.005431
0.006678
0.018057
0.002546
0.011430
0.085934
0.037237
0.117358
0.044997
0.015830
0.069485
0.032187
0.003401
0.006297
0.016408
0.001165
0.017160
0.027343
0.027415
0.005297
0.014996
0.012326
0.005122
0.000608
0.001845
0.001927
0.001123
0.149977
0.008276
0.008090
0.003329
0.004318
0.003535
0.003803
0.002051
0.001505
0.003267
0.000103
0.000052
0.002566
0.077483
0.031517
0.006864
0.016274
0.007039
0.008018
0.000763
0.000969
0.001618
0.001175
0.065816
0.005328
0.005421
0.018015
0.002041
0.009554
0.083842
0.039535
0.122923
0.038185
0.014058
0.063827
0.035742
0.002958
0.006153
0.016026
0.000948
0.016562
0.027384
0.029548
0.005277
0.013975
0.011646
0.004926
0.000567
0.001546
0.001649
0.001103
0.160469
0.008111
0.008204
0.003484
0.004040
0.003504
0.003803
0.001330
0.001082
0.002896
0.000062
0.000052
0.002453
0.077864
0.031609
0.007266
0.014975
0.006524
0.007513
0.000680
0.000876
0.001773
0.000876
0.061982
0.004566
0.005009
0.016253
0.001299
0.008327
0.075432
0.032836
0.152770
0.052026
0.019128
0.071464
0.036196
0.003638
0.006977
0.019469
0.001433
0.016923
0.024982
0.029878
0.006112
0.016830
0.012368
0.006689
0.000721
0.001876
0.002113
0.001773
0.131354
0.009111
0.008812
0.004226
0.004576
0.004277
0.004329
0.002092
0.002020
0.004050
0.000103
0.000093
0.002855
0.066610
0.030723
0.007822
0.017418
0.008389
0.008781
0.000948
0.001113
0.001989
0.001443
0.061714
0.005431
0.006936
0.018922
0.002195
0.009059
0.082564
0.036577
0.122872
0.053634
0.026137
0.061240
0.039226
0.004978
0.008513
0.020128
0.002793
0.012666
0.025982
0.026312
0.008039
0.016758
0.012481
0.008863
0.001587
0.002649
0.002453
0.002463
0.118883
0.010214
0.009987
0.004205
0.006462
0.005741
0.004184
0.003257
0.002659
0.004514
0.000155
0.000124
0.003989
0.057963
0.029868
0.009987
0.017933
0.011368
0.008781
0.001659
0.001597
0.002061
0.002247
0.062786
0.006431
0.008080
0.019087
0.002814
0.007338
0.072495
0.040277
0.125953
0.038886
0.013264
0.057169
0.033691
0.002752
0.005957
0.013862
0.000835
0.016768
0.028291
0.028147
0.005504
0.012120
0.012481
0.004524
0.000557
0.001505
0.001196
0.000928
0.134559
0.008513
0.008441
0.004617
0.003978
0.003463
0.004298
0.001618
0.001196
0.002350
0.000052
0.000103
0.002803
0.095983
0.032444
0.006885
0.011904
0.006895
0.008245
0.000670
0.001020
0.001309
0.000825
0.070000
0.004710
0.005267
0.013161
0.001731
0.008266
0.071639
0.040504
0.164118
0.049707
0.024405
0.056839
0.037670
0.005091
0.008101
0.018314
0.002391
0.013305
0.027549
0.022427
0.007596
0.017108
0.011811
0.008348
0.001474
0.002206
0.002257
0.002041
0.113256
0.010482
0.009832
0.003906
0.006359
0.005885
0.003721
0.002999
0.002381
0.004566
0.000124
0.000155
0.003422
0.069135
0.032248
0.009338
0.017005
0.010585
0.008029
0.001453
0.001371
0.002216
0.001969
0.070980
0.006524
0.007524
0.018881
0.003040
0.006184
0.069506
0.044544
0.133745
0.036464
0.011924
0.058890
0.031733
0.002247
0.005442
0.012986
0.000958
0.016119
0.028744
0.026250
0.004432
0.012027
0.010987
0.004772
0.000402
0.001360
0.001216
0.000897
0.147813
0.008008
0.007606
0.003834
0.004545
0.003463
0.003030
0.001072
0.001020
0.001969
0.000052
0.000062
0.002298
0.090283
0.036608
0.006524
0.012275
0.006658
0.006390
0.000515
0.000825
0.001113
0.000701
0.071289
0.004215
0.004545
0.013841
0.001938
0.007493
0.070619
0.040030
0.171518
0.045987
0.020345
0.062693
0.036505
0.004463
0.007348
0.017778
0.001773
0.013666
0.027631
0.027116
0.006802
0.015449
0.010729
0.007080
0.000958
0.001917
0.002267
0.001628
0.130169
0.008472
0.009028
0.003731
0.005875
0.004875
0.004133
0.002267
0.002216
0.004030
0.000103
0.000155
0.003185
0.068908
0.029342
0.007905
0.015779
0.009760
0.008276
0.001257
0.001577
0.002247
0.001484
0.064301
0.005957
0.006627
0.018727
0.002628
0.008286
0.073288
0.041565
0.141712
0.041060
0.014037
0.065167
0.032011
0.002659
0.005411
0.013676
0.000989
0.018397
0.026621
0.026415
0.004957
0.012636
0.010399
0.004906
0.000567
0.001299
0.001639
0.000845
0.147432
0.007585
0.007008
0.003236
0.004102
0.003638
0.003484
0.001494
0.001196
0.002236
0.000021
0.000041
0.002340
0.079781
0.032207
0.006472
0.014161
0.006266
0.006946
0.000732
0.000866
0.001062
0.000742
0.065022
0.004390
0.005215
0.014047
0.001628
0.010966
0.075586
0.040947
0.165457
0.039896
0.015748
0.063775
0.034196
0.002628
0.005668
0.015944
0.001319
0.018613
0.027631
0.025199
0.005555
0.014522
0.011234
0.005916
0.000536
0.001649
0.002020
0.001072
0.126427
0.008132
0.007719
0.004153
0.005297
0.003762
0.003308
0.001711
0.001412
0.003164
0.000062
0.000082
0.002587
0.074061
0.030682
0.007678
0.015356
0.007812
0.007122
0.000660
0.001062
0.001639
0.001103
0.066651
0.005236
0.005215
0.016119
0.002072
0.007173
0.076133
0.042410
0.170879
0.056509
0.022200
0.066991
0.043451
0.004555
0.008358
0.018685
0.001845
0.014656
0.029734
0.033042
0.007833
0.016851
0.013398
0.007822
0.001031
0.001979
0.002216
0.001690
0.133570
0.009812
0.009760
0.004576
0.005163
0.005143
0.005060
0.002463
0.001876
0.004112
0.000113
0.000124
0.003504
0.063971
0.034485
0.008719
0.016202
0.009585
0.010214
0.001257
0.001505
0.001958
0.001433
0.067712
0.005524
0.007214
0.018273
0.002360
0.011151
0.077112
0.033258
0.089943
0.046615
0.016964
0.063992
0.031187
0.003587
0.005648
0.016913
0.001536
0.016789
0.025570
0.024426
0.005689
0.014151
0.011790
0.005916
0.000608
0.001917
0.002154
0.001402
0.119306
0.008544
0.008606
0.004174
0.005462
0.004442
0.003494
0.002154
0.001793
0.003442
0.000041
0.000134
0.002680
0.075741
0.029620
0.007431
0.014913
0.008647
0.008008
0.000876
0.001340
0.001752
0.001556
0.068001
0.005462
0.005947
0.017273
0.002340
0.008348
0.075184
0.044987
0.161448
0.048666
0.016624
0.072536
0.033959
0.003422
0.005802
0.019386
0.001237
0.019046
0.026023
0.027374
0.005256
0.016088
0.011687
0.005906
0.000587
0.001690
0.002525
0.001268
0.130591
0.008668
0.008286
0.004329
0.004823
0.004061
0.003679
0.001876
0.001804
0.003937
0.000062
0.000062
0.002834
0.066970
0.029321
0.007503
0.015429
0.008018
0.008451
0.000948
0.001433
0.002432
0.001567
0.062003
0.005091
0.005545
0.019613
0.002072
0.009719
0.083842
0.039205
0.136744
0.043585
0.014130
0.070949
0.036155
0.002474
0.006153
0.017593
0.001123
0.015624
0.031506
0.024745
0.004865
0.015191
0.012502
0.005534
0.000567
0.001237
0.001814
0.000886
0.152791
0.008668
0.007998
0.003793
0.005534
0.004865
0.004040
0.001484
0.001206
0.003040
0.000031
0.000052
0.002968
0.072938
0.035474
0.007111
0.016109
0.008709
0.007915
0.000618
0.000763
0.001865
0.001144
0.072175
0.004267
0.005679
0.018665
0.002061
0.007544
0.085202
0.036258
0.112401
0.050068
0.017139
0.068083
0.041400
0.003659
0.007297
0.017613
0.001360
0.017139
0.029455
0.030105
0.006225
0.014460
0.013615
0.006277
0.000711
0.002102
0.001835
0.001175
0.142371
0.008936
0.009626
0.004772
0.004792
0.004390
0.005586
0.001845
0.001597
0.003607
0.000041
0.000052
0.003360
0.071680
0.032413
0.008379
0.015325
0.008523
0.009801
0.000794
0.001175
0.001845
0.001206
0.064940
0.004679
0.006400
0.017346
0.002144
0.011893
0.081667
0.034536
0.104557
0.037494
0.013728
0.062827
0.036732
0.002700
0.006060
0.014954
0.001031
0.015954
0.036082
0.029198
0.004782
0.014058
0.012615
0.004968
0.000505
0.001597
0.001474
0.000928
0.166509
0.007843
0.008626
0.004061
0.004834
0.004360
0.003896
0.001536
0.001185
0.002350
0.000041
0.000052
0.002875
0.083471
0.043070
0.006472
0.013810
0.008358
0.007668
0.000608
0.001031
0.001216
0.000825
0.072062
0.004360
0.005091
0.015068
0.001814
0.007544
0.078513
0.032723
0.110442
0.049006
0.015418
0.077586
0.036690
0.002937
0.006586
0.018520
0.001113
0.018139
0.027652
0.025096
0.005916
0.015171
0.011997
0.006441
0.000814
0.001422
0.002092
0.001123
0.141073
0.008008
0.008905
0.003865
0.005102
0.003906
0.004432
0.001999
0.001597
0.003350
0.000206
0.000093
0.002814
0.065435
0.029816
0.006854
0.016748
0.008472
0.008987
0.000917
0.001226
0.001979
0.001144
0.061487
0.004875
0.005864
0.020025
0.002206
0.010296
0.087872
0.036319
0.120409
0.052779
0.022581
0.058313
0.039556
0.004236
0.008029
0.017160
0.002319
0.013130
0.030744
0.028414
0.007348
0.015119
0.011110
0.008647
0.001103
0.002092
0.002061
0.001587
0.120501
0.009111
0.008812
0.003896
0.006153
0.006297
0.004050
0.002082
0.002340
0.003896
0.000072
0.000103
0.003143
0.078915
0.037123
0.009070
0.015356
0.010358
0.008822
0.001082
0.001762
0.001896
0.002061
0.074422
0.005916
0.008080
0.017284
0.003071
0.008554
0.065899
0.045265
0.108278
0.040885
0.019324
0.051933
0.035948
0.004092
0.006617
0.015779
0.001649
0.012285
0.030146
0.025621
0.006885
0.014851
0.011007
0.007256
0.000876
0.001773
0.001907
0.001845
0.124129
0.008534
0.008554
0.003648
0.005638
0.005236
0.003731
0.002175
0.001793
0.003473
0.000082
0.000124
0.003102
0.077534
0.034907
0.008729
0.015171
0.009997
0.007441
0.000938
0.001154
0.002154
0.001443
0.075318
0.005988
0.006431
0.016129
0.002515
0.006029
0.066548
0.044853
0.155821
0.040957
0.015202
0.066991
0.034557
0.003514
0.006122
0.016944
0.001123
0.015367
0.030919
0.027240
0.005287
0.015212
0.011842
0.005421
0.000526
0.001494
0.001628
0.001494
0.147926
0.008132
0.008554
0.003597
0.004792
0.003751
0.003958
0.001577
0.001412
0.003040
0.000041
0.000124
0.002937
0.082615
0.036206
0.006596
0.014862
0.007390
0.007802
0.000680
0.000804
0.001824
0.001082
0.070856
0.004731
0.005545
0.016964
0.001855
0.008997
0.081018
0.037927
0.120563
0.040947
0.013955
0.066723
0.038731
0.002680
0.005617
0.014934
0.000886
0.017768
0.031980
0.031341
0.005431
0.014027
0.012687
0.005462
0.000350
0.001670
0.001268
0.000979
0.148266
0.008637
0.007915
0.004298
0.004762
0.004669
0.004164
0.001278
0.001371
0.002288
0.000031
0.000052
0.003030
0.076658
0.033939
0.006462
0.013924
0.008142
0.008194
0.000721
0.000989
0.001402
0.000783
0.065383
0.003978
0.005184
0.015222
0.001680
0.009358
0.078544
0.030455
0.140784
0.043379
0.018830
0.058715
0.031341
0.004040
0.006689
0.016088
0.001969
0.014604
0.025725
0.026333
0.006112
0.013646
0.010657
0.006194
0.001257
0.001824
0.002154
0.001505
0.124644
0.008307
0.008461
0.003855
0.004298
0.003947
0.003195
0.002226
0.001979
0.003442
0.000216
0.000247
0.002690
0.078111
0.027580
0.007307
0.014697
0.007451
0.007606
0.001402
0.001443
0.001793
0.001391
0.062838
0.006318
0.006318
0.015398
0.002381
0.007792
0.068465
0.044626
0.178515
0.054407
0.022890
0.066744
0.039638
0.004349
0.007915
0.018201
0.002185
0.015830
0.026765
0.031496
0.007946
0.017562
0.012759
0.006988
0.000835
0.002082
0.002061
0.001907
0.150049
0.009688
0.009595
0.004617
0.004648
0.005143
0.004308
0.002546
0.002020
0.003793
0.000082
0.000062
0.003009
0.061714
0.030208
0.009368
0.017335
0.008348
0.009327
0.001330
0.001474
0.001989
0.001752
0.058870
0.004926
0.007225
0.017902
0.002340
0.009832
0.079194
0.033537
0.101208
0.053686
0.017510
0.078266
0.044534
0.003370
0.007153
0.017253
0.001309
0.017212
0.032084
0.036227
0.006256
0.015501
0.013975
0.006699
0.000680
0.001804
0.001814
0.001536
0.146370
0.008534
0.008585
0.005442
0.004988
0.004607
0.005339
0.001845
0.001639
0.003030
0.000052
0.000113
0.003855
0.058931
0.034083
0.007792
0.015923
0.009420
0.011017
0.000825
0.001381
0.001731
0.001154
0.062333
0.004277
0.006751
0.018520
0.001865
0.010729
0.088428
0.026353
0.087222
0.050295
0.022457
0.057550
0.041143
0.004669
0.008152
0.018139
0.002051
0.013594
0.031177
0.027703
0.007513
0.015552
0.012615
0.008863
0.000989
0.001876
0.002267
0.001917
0.129478
0.009368
0.009812
0.004401
0.006112
0.006328
0.004061
0.002700
0.002267
0.004164
0.000062
0.000196
0.003721
0.071567
0.040246
0.009451
0.016449
0.011234
0.009358
0.001721
0.001391
0.002247
0.001876
0.076864
0.005710
0.007039
0.016799
0.002906
0.006545
0.071464
0.038865
0.097075
0.049079
0.022086
0.059096
0.036690
0.004494
0.008626
0.020324
0.001938
0.012234
0.026394
0.023107
0.007895
0.016294
0.012223
0.008544
0.001154
0.002185
0.002803
0.002133
0.124263
0.010378
0.009770
0.003958
0.006215
0.005442
0.004514
0.002968
0.002340
0.005029
0.000155
0.000165
0.003968
0.060189
0.031609
0.009090
0.017325
0.010853
0.008740
0.001381
0.001463
0.002546
0.001814
0.067465
0.006699
0.006761
0.021427
0.002741
0.007111
0.074937
0.042617
0.128767
0.055005
0.024797
0.058931
0.038525
0.005421
0.008523
0.019366
0.002587
0.013481
0.025013
0.028260
0.007843
0.015913
0.012316
0.007699
0.001309
0.002690
0.002422
0.002319
0.113957
0.009605
0.009801
0.004782
0.005545
0.005277
0.004813
0.002834
0.002803
0.004298
0.000165
0.000186
0.003360
0.066929
0.030476
0.008946
0.015696
0.010286
0.009750
0.001896
0.001999
0.002577
0.001783
0.063353
0.006648
0.007822
0.018582
0.002762
0.008307
0.068290
0.038638
0.135415
0.054881
0.022725
0.064353
0.040731
0.005246
0.008224
0.017356
0.002206
0.014377
0.027497
0.028548
0.007627
0.015006
0.012903
0.008008
0.001185
0.002185
0.002133
0.002123
0.120810
0.009647
0.010028
0.003937
0.005596
0.005545
0.004442
0.002886
0.002391
0.003968
0.000196
0.000175
0.003308
0.064785
0.031455
0.008554
0.016573
0.009410
0.009111
0.001237
0.001804
0.002144
0.001824
0.062714
0.006885
0.007658
0.017840
0.002979
0.009832
0.074288
0.038339
0.122326
0.043565
0.015130
0.061168
0.034093
0.003205
0.006081
0.014759
0.001010
0.014089
0.029476
0.026168
0.005741
0.013522
0.012017
0.005442
0.000660
0.001577
0.001659
0.001072
0.138723
0.007936
0.008451
0.004215
0.004772
0.004215
0.003865
0.001721
0.001330
0.002999
0.000093
0.000052
0.002865
0.086841
0.033825
0.006854
0.013646
0.007689
0.008029
0.000649
0.001123
0.001608
0.001010
0.073453
0.004906
0.005091
0.015459
0.001865
0.008194
0.074020
0.043946
0.140124
0.060498
0.031135
0.060756
0.038525
0.005679
0.009678
0.023303
0.004133
0.014130
0.024292
0.027054
0.008956
0.022581
0.012976
0.010162
0.001804
0.002793
0.002484
0.002298
0.109154
0.011162
0.011172
0.005236
0.005607
0.007792
0.004442
0.003556
0.003587
0.004978
0.000144
0.000175
0.003380
0.055984
0.030558
0.011976
0.018819
0.010832
0.009812
0.001793
0.002144
0.002350
0.002370
0.062209
0.007936
0.010121
0.020149
0.003092
0.008090
0.069660
0.040638
0.097848
0.048233
0.020973
0.061714
0.038133
0.004133
0.007544
0.017026
0.001989
0.014068
0.028023
0.022705
0.006864
0.015666
0.011935
0.007936
0.001123
0.002164
0.002061
0.001948
0.114534
0.008565
0.008925
0.004174
0.006318
0.005091
0.004143
0.002360
0.002381
0.003834
0.000134
0.000134
0.003164
0.060941
0.031548
0.007390
0.015830
0.010203
0.008431
0.001247
0.001237
0.001989
0.001731
0.064621
0.006009
0.006730
0.017727
0.002484
0.007802
0.072422
0.038226
0.165437
0.034031
0.010894
0.064456
0.030094
0.001907
0.004473
0.013759
0.000670
0.015995
0.026271
0.024354
0.004071
0.012821
0.009894
0.003690
0.000361
0.001031
0.001144
0.000742
0.147988
0.006730
0.007132
0.003216
0.003628
0.002917
0.002638
0.000835
0.000855
0.002061
0.000072
0.000021
0.002041
0.097838
0.030981
0.005998
0.013316
0.005493
0.006658
0.000464
0.000783
0.001092
0.000587
0.066805
0.003947
0.003947
0.014398
0.001330
0.006751
0.074432
0.037443
0.186946
0.049852
0.022849
0.057385
0.036804
0.005153
0.007802
0.017613
0.002752
0.012594
0.027600
0.023086
0.006565
0.014202
0.012440
0.009018
0.001175
0.002381
0.002463
0.002226
0.121656
0.009183
0.009307
0.003958
0.006699
0.005967
0.004102
0.003174
0.002453
0.003978
0.000093
0.000186
0.003556
0.069825
0.037628
0.009255
0.014934
0.011378
0.007709
0.001752
0.001123
0.002195
0.001670
0.076308
0.006916
0.007039
0.017026
0.002927
0.005710
0.070083
0.043132
0.125119
0.045987
0.017727
0.065734
0.035732
0.003422
0.006132
0.016006
0.001443
0.016974
0.033382
0.029363
0.005607
0.014851
0.011553
0.006472
0.000701
0.001762
0.001618
0.001340
0.155759
0.008884
0.008884
0.004411
0.005215
0.004968
0.003370
0.002041
0.001793
0.002906
0.000041
0.000041
0.002948
0.076844
0.042431
0.007379
0.014419
0.008863
0.008008
0.000866
0.001412
0.001762
0.001154
0.072495
0.005133
0.005988
0.016573
0.002278
0.007905
0.077328
0.034959
0.097137
0.061384
0.036886
0.057736
0.047873
0.007946
0.011595
0.023251
0.004030
0.009533
0.028641
0.025281
0.011110
0.018902
0.013944
0.013625
0.002422
0.003618
0.003267
0.003896
0.084161
0.011801
0.011780
0.005906
0.008276
0.008668
0.005071
0.005050
0.003937
0.006297
0.000165
0.000258
0.005699
0.042678
0.032609
0.013336
0.017799
0.014903
0.010914
0.002525
0.002072
0.003009
0.002845
0.064724
0.008565
0.010667
0.020644
0.003947
0.006926
0.070310
0.039473
0.090046
0.043441
0.016830
0.056736
0.038978
0.003659
0.006802
0.014625
0.001577
0.014264
0.031517
0.029074
0.005906
0.012821
0.012172
0.006483
0.000835
0.001701
0.001402
0.001443
0.120893
0.008884
0.008812
0.003844
0.005421
0.005102
0.004648
0.001855
0.001628
0.002896
0.000082
0.000093
0.002968
0.072381
0.031640
0.007709
0.015006
0.008379
0.008513
0.001041
0.001381
0.001835
0.001165
0.066239
0.005534
0.006421
0.016119
0.002226
0.008173
0.068588
0.039483
0.170775
0.043122
0.013450
0.070846
0.033454
0.002329
0.005617
0.016717
0.000886
0.017160
0.027693
0.024508
0.005287
0.014779
0.012244
0.004823
0.000443
0.001463
0.001845
0.001123
0.178567
0.007122
0.007513
0.003391
0.004184
0.003824
0.003700
0.001494
0.001165
0.002669
0.000052
0.000031
0.002659
0.087531
0.035907
0.006431
0.015645
0.007895
0.007142
0.000567
0.000886
0.001577
0.001082
0.062065
0.004071
0.004823
0.017057
0.001835
0.008492
0.084089
0.032290
0.106454
0.039102
0.012759
0.063332
0.032248
0.002711
0.005143
0.013409
0.000938
0.015532
0.026745
0.025508
0.005205
0.012007
0.010028
0.005071
0.000546
0.001340
0.001505
0.001062
0.128623
0.006967
0.007132
0.003844
0.004555
0.003989
0.003803
0.001257
0.001082
0.002618
0.000041
0.000021
0.002278
0.077246
0.029095
0.006349
0.013130
0.006617
0.007153
0.000618
0.001000
0.001360
0.000855
0.063178
0.004607
0.005102
0.013944
0.001556
0.008060
0.069722
0.035114
0.214897
0.034248
0.013841
0.052521
0.026972
0.003154
0.005225
0.012883
0.001206
0.016068
0.025044
0.021922
0.004669
0.011605
0.009812
0.004689
0.000639
0.001567
0.001443
0.001062
0.130725
0.007266
0.006916
0.002896
0.004174
0.003432
0.002824
0.001597
0.001608
0.002463
0.000031
0.000052
0.002216
0.090190
0.030785
0.006514
0.012543
0.006421
0.005772
0.000804
0.000938
0.001216
0.001082
0.065754
0.005462
0.004762
0.013367
0.001649
0.005720
0.065136
0.046729
0.220390
0.063765
0.028641
0.072855
0.042328
0.006246
0.009544
0.022055
0.002917
0.013501
0.023704
0.028342
0.009142
0.020108
0.012182
0.009554
0.001835
0.002875
0.003154
0.002319
0.118306
0.010657
0.011852
0.003813
0.005823
0.005772
0.004349
0.003391
0.003185
0.005514
0.000258
0.000175
0.003288
0.044163
0.025230
0.009709
0.021499
0.010842
0.009925
0.001917
0.002309
0.002834
0.002185
0.053067
0.007122
0.009204
0.023777
0.003360
0.010409
0.079379
0.037804
0.093818
0.057787
0.026384
0.067444
0.041524
0.004978
0.008956
0.020242
0.002711
0.014305
0.027848
0.026776
0.008276
0.017273
0.013573
0.010121
0.001577
0.002566
0.002968
0.002607
0.106887
0.009873
0.009492
0.004215
0.007555
0.007379
0.004607
0.003525
0.002834
0.004442
0.000082
0.000268
0.004792
0.053304
0.033155
0.009915
0.016119
0.013068
0.009441
0.001639
0.001474
0.002741
0.001979
0.067836
0.006194
0.008142
0.019582
0.003061
0.008245
0.080843
0.036773
0.102620
0.049594
0.020798
0.065239
0.037020
0.004329
0.007565
0.017335
0.002041
0.015212
0.027971
0.027662
0.006895
0.014913
0.012821
0.006864
0.001237
0.002257
0.002175
0.001845
0.133539
0.009286
0.009471
0.004102
0.004926
0.004968
0.004421
0.002484
0.002226
0.003679
0.000155
0.000082
0.003113
0.083306
0.028847
0.008235
0.015470
0.008719
0.008853
0.001134
0.001721
0.002319
0.001463
0.062425
0.006648
0.006596
0.018479
0.002515
0.009822
0.076741
0.038927
0.111555
0.039040
0.014130
0.059663
0.030661
0.003319
0.005978
0.013790
0.001041
0.016985
0.025848
0.022602
0.005287
0.011904
0.011574
0.005514
0.000629
0.001886
0.001948
0.001082
0.127499
0.007493
0.007689
0.003700
0.004648
0.003514
0.003782
0.001804
0.001474
0.002886
0.000062
0.000062
0.002401
0.080121
0.029651
0.006812
0.012161
0.007050
0.007977
0.000917
0.001165
0.001567
0.000958
0.070042
0.005534
0.005431
0.015037
0.001814
0.007266
0.071670
0.047832
0.187101
0.066063
0.032496
0.070217
0.044410
0.006998
0.010461
0.022798
0.003813
0.012811
0.023169
0.026013
0.010554
0.019922
0.012697
0.011110
0.001762
0.002474
0.003030
0.002896
0.111360
0.011605
0.011327
0.005009
0.007307
0.007132
0.005370
0.004318
0.003669
0.006472
0.000247
0.000206
0.004174
0.039628
0.025601
0.012368
0.020345
0.011543
0.011017
0.001855
0.002494
0.002937
0.002700
0.053758
0.007410
0.009791
0.022694
0.003937
0.009049
0.076452
0.037773
0.086758
0.045647
0.013553
0.082791
0.037536
0.002504
0.005679
0.016284
0.000876
0.018675
0.029352
0.033557
0.005442
0.014666
0.013573
0.004483
0.000464
0.001288
0.001330
0.000855
0.161964
0.008163
0.008647
0.004226
0.004061
0.003453
0.004298
0.001525
0.001371
0.002236
0.000052
0.000082
0.002628
0.074082
0.032846
0.007029
0.015645
0.006545
0.008513
0.000629
0.001031
0.001299
0.000711
0.065043
0.004174
0.005246
0.016387
0.001381
0.010049
0.089902
0.029919
0.098312
0.037381
0.013398
0.054634
0.026652
0.002711
0.005370
0.015418
0.000897
0.015191
0.027930
0.019974
0.004865
0.012192
0.010255
0.005194
0.000598
0.001299
0.001824
0.001288
0.142516
0.007359
0.007472
0.002845
0.005091
0.003772
0.003082
0.001639
0.001247
0.003071
0.000072
0.000082
0.002216
0.094859
0.032887
0.005854
0.013305
0.007874
0.005967
0.000680
0.000804
0.001793
0.001175
0.075834
0.005019
0.004669
0.015058
0.002061
0.006163
0.071763
0.048780
0.167921
0.044327
0.016665
0.066733
0.035639
0.003391
0.006648
0.016480
0.001134
0.016181
0.029497
0.026673
0.006019
0.015037
0.012213
0.006318
0.000732
0.001670
0.001731
0.001381
0.144154
0.008276
0.008750
0.003999
0.005638
0.004792
0.003566
0.002133
0.001330
0.002958
0.000041
0.000052
0.002979
0.074257
0.033794
0.007750
0.014924
0.008420
0.008750
0.000866
0.001062
0.001618
0.001330
0.068506
0.005277
0.006318
0.016727
0.001969
0.008595
0.078215
0.037783
0.126706
0.038659
0.013615
0.060838
0.027291
0.002607
0.005112
0.014326
0.001144
0.018005
0.024581
0.020798
0.004926
0.011378
0.010482
0.005277
0.000557
0.001505
0.001690
0.001000
0.119831
0.007276
0.007616
0.003411
0.004380
0.003442
0.003164
0.001773
0.001453
0.002783
0.000072
0.000062
0.002628
0.085182
0.029806
0.006112
0.012532
0.007400
0.006720
0.000876
0.000907
0.001608
0.001268
0.069341
0.004762
0.005194
0.014553
0.002082
0.007225
0.071381
0.047100
0.204271
0.047306
0.014985
0.088387
0.034258
0.003040
0.006431
0.015367
0.001185
0.023890
0.025384
0.027415
0.005431
0.013883
0.012842
0.004947
0.000629
0.001927
0.001494
0.001051
0.136528
0.008194
0.008410
0.003772
0.004040
0.003246
0.004648
0.001639
0.001536
0.002401
0.000124
0.000062
0.002649
0.069753
0.026508
0.006411
0.014367
0.006967
0.009430
0.000804
0.001175
0.001597
0.001144
0.053706
0.004195
0.005256
0.015934
0.001556
0.011687
0.097838
0.029053
0.135518
0.043256
0.016696
0.061250
0.036350
0.003257
0.006658
0.016026
0.001319
0.014346
0.029703
0.026951
0.006287
0.013831
0.012017
0.006153
0.000763
0.001711
0.001896
0.001278
0.139022
0.008451
0.007802
0.004174
0.005648
0.004545
0.004308
0.001835
0.001731
0.003030
0.000072
0.000072
0.003185
0.078864
0.035155
0.007287
0.013542
0.008224
0.008173
0.000928
0.001402
0.001577
0.001134
0.069588
0.005328
0.006143
0.016902
0.002298
0.008626
0.073659
0.040019
0.137527
0.041947
0.016954
0.060220
0.035196
0.003453
0.006256
0.015758
0.001556
0.014645
0.029218
0.025457
0.006369
0.014140
0.012007
0.006204
0.000660
0.001804
0.001835
0.001309
0.145834
0.008863
0.008781
0.003721
0.004813
0.003927
0.004318
0.002061
0.001587
0.003113
0.000103
0.000041
0.002525
0.084841
0.034413
0.007256
0.014037
0.007812
0.008132
0.000876
0.001134
0.001463
0.001123
0.067929
0.005246
0.005875
0.015429
0.001989
0.007895
0.072989
0.040586
0.136301
0.047141
0.015676
0.067115
0.037608
0.003422
0.006132
0.015604
0.001226
0.016995
0.031816
0.031249
0.006503
0.014202
0.012677
0.005401
0.000721
0.001886
0.001711
0.001371
0.153626
0.008771
0.008966
0.004112
0.004339
0.003772
0.004700
0.001876
0.001587
0.002793
0.000072
0.000093
0.002638
0.076122
0.035495
0.007214
0.015078
0.008142
0.009461
0.000876
0.001350
0.001969
0.001103
0.066043
0.005019
0.006194
0.016861
0.001670
0.011007
0.080286
0.034423
0.105887
0.037680
0.013584
0.062394
0.030538
0.002721
0.005339
0.014171
0.000876
0.017789
0.029311
0.025673
0.004679
0.011718
0.011121
0.004514
0.000433
0.001144
0.001628
0.000845
0.129983
0.007678
0.007307
0.003618
0.004494
0.003298
0.003700
0.001309
0.001299
0.002628
0.000031
0.000093
0.002350
0.084553
0.028652
0.006246
0.013213
0.007513
0.006771
0.000680
0.001000
0.001577
0.000979
0.070629
0.004679
0.004885
0.015099
0.002082
0.008925
0.075586
0.047625
0.175362
0.048749
0.015356
0.082141
0.035598
0.002700
0.006307
0.017016
0.001123
0.021550
0.025673
0.033207
0.005452
0.015058
0.012666
0.005153
0.000711
0.001474
0.001896
0.001051
0.156563
0.007214
0.008039
0.005390
0.004390
0.004071
0.004566
0.001742
0.001556
0.002700
0.000041
0.000072
0.002824
0.069495
0.029528
0.006668
0.015470
0.007091
0.009358
0.000866
0.001268
0.001752
0.000979
0.061570
0.004514
0.005782
0.017500
0.001896
0.011543
0.090778
0.031249
0.100641
0.040287
0.013419
0.065053
0.033238
0.002628
0.005864
0.015429
0.000958
0.016428
0.027157
0.023251
0.005328
0.013099
0.012100
0.005617
0.000546
0.001587
0.001474
0.001113
0.127613
0.008235
0.008049
0.003762
0.005071
0.003731
0.004143
0.001340
0.001257
0.002711
0.000072
0.000072
0.002948
0.076658
0.029754
0.006678
0.013367
0.008101
0.007781
0.000732
0.001020
0.001731
0.001257
0.067857
0.004483
0.004937
0.015088
0.001711
0.007678
0.078029
0.043276
0.176279
0.046749
0.016665
0.069753
0.035103
0.003648
0.006246
0.017067
0.001340
0.018995
0.029270
0.030836
0.006637
0.015511
0.011368
0.005504
0.000783
0.001680
0.001814
0.001257
0.168065
0.008523
0.008297
0.004267
0.004174
0.003618
0.003947
0.001608
0.001618
0.003370
0.000062
0.000124
0.002484
0.078122
0.032300
0.007214
0.016789
0.007482
0.007864
0.000979
0.001154
0.001845
0.001134
0.059467
0.004926
0.005823
0.019067
0.002030
0.009080
0.083110
0.032135
0.099095
0.039999
0.015820
0.059333
0.031970
0.003432
0.005751
0.015418
0.001381
0.015645
0.027466
0.022385
0.005112
0.013326
0.011244
0.006143
0.000752
0.001484
0.001783
0.001350
0.131508
0.008441
0.007771
0.003422
0.005236
0.004524
0.003741
0.002072
0.001711
0.003092
0.000103
0.000103
0.002793
0.090974
0.034310
0.006792
0.013233
0.009410
0.007627
0.000845
0.000989
0.002020
0.001319
0.075896
0.005390
0.005782
0.015573
0.002587
0.007256
0.073164
0.045873
0.146648
0.057282
0.028827
0.055943
0.038298
0.006009
0.008966
0.020417
0.003113
0.010574
0.025405
0.025580
0.008740
0.018057
0.011492
0.009977
0.001731
0.002494
0.003009
0.002814
0.116018
0.010688
0.009977
0.004071
0.006318
0.006153
0.004040
0.003669
0.003288
0.005091
0.000144
0.000278
0.003587
0.058169
0.029280
0.010059
0.018304
0.010636
0.009399
0.001814
0.002061
0.002680
0.002329
0.059045
0.007153
0.008410
0.020458
0.004030
0.006751
0.065167
0.043297
0.128911
0.043524
0.016768
0.061096
0.034444
0.003566
0.006050
0.016150
0.001330
0.014377
0.026765
0.026786
0.005854
0.013800
0.011450
0.005844
0.000680
0.001690
0.001494
0.001433
0.147947
0.008451
0.008554
0.004102
0.004473
0.004143
0.003700
0.002113
0.001546
0.002783
0.000072
0.000103
0.002628
0.073618
0.032692
0.007482
0.014985
0.007472
0.008039
0.000866
0.001463
0.001701
0.001175
0.065476
0.005122
0.005823
0.016387
0.001917
0.007235
0.071124
0.042060
0.151647
0.026415
0.010925
0.045234
0.028342
0.002443
0.004133
0.011419
0.000701
0.013656
0.031084
0.023189
0.003896
0.010554
0.010100
0.003690
0.000350
0.001206
0.001123
0.000948
0.148844
0.007400
0.006823
0.003133
0.004257
0.002824
0.002690
0.001237
0.000907
0.001989
0.000062
0.000052
0.001979
0.110370
0.034165
0.005978
0.010244
0.006256
0.005648
0.000876
0.000794
0.001072
0.000598
0.078390
0.004988
0.004174
0.012048
0.001876
0.005071
0.062704
0.050212
0.192934
0.042740
0.014614
0.064332
0.028713
0.003504
0.005411
0.017387
0.001154
0.017861
0.024941
0.021654
0.004988
0.013862
0.011121
0.005081
0.000680
0.001525
0.001886
0.001278
0.128829
0.007750
0.008070
0.003277
0.004720
0.004019
0.003690
0.001762
0.001484
0.003391
0.000072
0.000124
0.002412
0.073278
0.029167
0.006009
0.014707
0.007565
0.007513
0.000928
0.001031
0.001999
0.001226
0.063909
0.005205
0.005514
0.016902
0.001979
0.008503
0.077771
0.046956
0.177505
0.051305
0.019881
0.065620
0.034495
0.004370
0.007348
0.019025
0.001639
0.014120
0.025972
0.024910
0.006864
0.015212
0.011471
0.006648
0.000938
0.002401
0.002474
0.001907
0.125356
0.008833
0.008400
0.003916
0.005668
0.005091
0.004277
0.002319
0.002422
0.004576
0.000093
0.000165
0.003308
0.065579
0.030579
0.007977
0.017737
0.009183
0.008173
0.001154
0.001226
0.002401
0.001752
0.065497
0.006380
0.006730
0.019510
0.002381
0.008214
0.076710
0.044410
0.133384
0.041493
0.017933
0.060951
0.034145
0.004215
0.006689
0.016789
0.001484
0.015769
0.028837
0.027301
0.005875
0.015377
0.011461
0.005493
0.000938
0.001793
0.002144
0.001484
0.139692
0.008245
0.008338
0.003834
0.004349
0.004287
0.004030
0.002144
0.001835
0.003566
0.000144
0.000072
0.002577
0.085666
0.031414
0.007019
0.013780
0.007719
0.007853
0.001144
0.001247
0.002123
0.001412
0.066630
0.005370
0.005782
0.016799
0.002267
0.009028
0.074236
0.040195
0.137033
0.043740
0.013501
0.069248
0.037031
0.001927
0.005246
0.015480
0.000804
0.015655
0.031403
0.028600
0.005297
0.014501
0.012244
0.005545
0.000515
0.000917
0.001649
0.000835
0.161994
0.007616
0.006771
0.003978
0.004607
0.003463
0.004133
0.001422
0.001196
0.003020
0.000021
0.000052
0.002793
0.078091
0.034712
0.006936
0.015532
0.007297
0.009410
0.000433
0.001103
0.001783
0.000814
0.065208
0.003772
0.005504
0.017541
0.001618
0.008812
0.076926
0.035072
0.124232
0.056046
0.022303
0.068609
0.038834
0.004205
0.008297
0.019036
0.002360
0.014140
0.028363
0.023261
0.007699
0.016222
0.013110
0.008936
0.001268
0.001845
0.002216
0.002010
0.117512
0.009595
0.009420
0.004494
0.006761
0.006122
0.004658
0.002906
0.002803
0.004751
0.000134
0.000165
0.003772
0.054799
0.031115
0.009111
0.016469
0.011646
0.009286
0.001257
0.001680
0.002453
0.002061
0.067310
0.006627
0.007936
0.019232
0.003061
0.008039
0.080441
0.040442
0.115183
0.049862
0.019850
0.060735
0.038638
0.003824
0.007534
0.016263
0.001989
0.013481
0.029260
0.025704
0.006689
0.014233
0.011924
0.008142
0.000691
0.001793
0.001824
0.001979
0.127747
0.009131
0.009008
0.004411
0.005504
0.006153
0.004133
0.002412
0.002030
0.003597
0.000062
0.000103
0.004071
0.075854
0.040700
0.008843
0.014532
0.009977
0.008431
0.001000
0.001051
0.001989
0.001608
0.078874
0.005267
0.006792
0.016202
0.002278
0.007441
0.072680
0.040504
0.113204
0.036763
0.013718
0.060869
0.031568
0.002927
0.005875
0.015119
0.000825
0.017139
0.030414
0.025920
0.005184
0.012697
0.011110
0.004865
0.000577
0.001443
0.001577
0.000979
0.159902
0.007843
0.008008
0.003246
0.003844
0.003350
0.003525
0.001628
0.001144
0.002525
0.000052
0.000082
0.002051
0.093901
0.036134
0.006390
0.014089
0.007214
0.006648
0.000763
0.001051
0.001484
0.001010
0.066795
0.004906
0.004411
0.015655
0.001639
0.007905
0.075452
0.036690
0.141093
0.062497
0.030301
0.063538
0.043895
0.006946
0.010224
0.021128
0.003133
0.013151
0.025570
0.027312
0.010203
0.017510
0.013192
0.010348
0.001701
0.003061
0.002814
0.002577
0.115729
0.010811
0.010585
0.005122
0.006112
0.006565
0.005122
0.004143
0.003360
0.005524
0.000124
0.000175
0.004535
0.049037
0.029249
0.011636
0.017222
0.011430
0.010842
0.002185
0.001824
0.002793
0.002288
0.060684
0.007482
0.009492
0.021344
0.003030
0.008070
0.074937
0.036814
0.092633
0.064353
0.022086
0.079884
0.037865
0.004267
0.008760
0.020953
0.001896
0.018252
0.022973
0.028950
0.008183
0.017407
0.013872
0.008255
0.000814
0.002092
0.002494
0.002010
0.115451
0.010368
0.009358
0.004906
0.005421
0.005091
0.005978
0.002937
0.002937
0.004844
0.000165
0.000103
0.004710
0.054592
0.024158
0.008987
0.016366
0.009709
0.012471
0.001113
0.002226
0.002504
0.002226
0.055654
0.005555
0.008111
0.020901
0.002236
0.012986
0.085316
0.033650
0.103599
0.051078
0.022334
0.077174
0.042008
0.004658
0.007926
0.018201
0.002185
0.021458
0.028033
0.030074
0.007287
0.016707
0.011893
0.008152
0.001216
0.001958
0.001907
0.001556
0.146535
0.009925
0.009770
0.004174
0.005782
0.005782
0.004648
0.002463
0.002463
0.003453
0.000082
0.000155
0.003597
0.063487
0.028394
0.008781
0.017294
0.009739
0.008977
0.001196
0.001721
0.001989
0.001804
0.055242
0.005349
0.007132
0.017706
0.002556
0.009327
0.085800
0.029589
0.089284
0.055252
0.025529
0.061807
0.045358
0.005411
0.009214
0.018706
0.002443
0.013821
0.029641
0.028425
0.008554
0.017325
0.014161
0.009214
0.001144
0.002453
0.002329
0.002257
0.121934
0.010028
0.010018
0.004411
0.007287
0.006359
0.004916
0.003185
0.002267
0.004123
0.000134
0.000165
0.003978
0.056427
0.033063
0.010131
0.018861
0.011224
0.009657
0.001402
0.001597
0.002082
0.001762
0.063446
0.006039
0.007884
0.019510
0.002628
0.008338
0.075741
0.035155
0.103207
0.055530
0.027167
0.061683
0.041637
0.005483
0.009441
0.020180
0.002917
0.012471
0.027796
0.029198
0.008699
0.016645
0.013027
0.009626
0.001422
0.002463
0.002288
0.002412
0.124088
0.010203
0.010358
0.004700
0.006854
0.006400
0.004782
0.003690
0.002865
0.004555
0.000093
0.000186
0.004215
0.056406
0.035330
0.010626
0.017016
0.012058
0.010121
0.001494
0.001587
0.002432
0.001876
0.066651
0.007287
0.008317
0.018840
0.003082
0.007967
0.074278
0.036629
0.094931
0.042349
0.015593
0.066723
0.036783
0.002989
0.006431
0.016129
0.001041
0.017315
0.030898
0.027806
0.006039
0.014583
0.012862
0.006019
0.000608
0.001762
0.001701
0.001340
0.168044
0.008771
0.008327
0.003690
0.005184
0.004689
0.004380
0.001948
0.001247
0.003133
0.000041
0.000093
0.002948
0.072206
0.033526
0.006843
0.017098
0.009111
0.007616
0.000711
0.000938
0.001701
0.001247
0.065290
0.004257
0.005246
0.017655
0.002113
0.008152
0.083419
0.035691
0.105712
0.052387
0.024302
0.067444
0.042658
0.005256
0.008286
0.018170
0.002051
0.018088
0.028260
0.031682
0.007658
0.016789
0.011997
0.007287
0.001268
0.002113
0.001979
0.001680
0.142773
0.009904
0.010265
0.004050
0.005534
0.005339
0.004287
0.002814
0.002082
0.003855
0.000113
0.000206
0.003102
0.063982
0.031785
0.008297
0.017552
0.009162
0.008822
0.001350
0.001628
0.001814
0.001577
0.057994
0.006287
0.006998
0.018819
0.002350
0.009544
0.078524
0.033083
0.096756
