0.118703
0.010783
0.006714
0.018758
0.141652
0.428996
0.066956
0.000010
0.004649
0.001526
0.002075
0.000000
0.050893
0.014211
0.004059
0.000000
0.001444
0.011454
0.000000
0.000000
0.000051
0.000000
0.000000
0.000000
0.000020
0.000000
0.000000
0.000000
0.115774
0.000112
0.000000
0.000000
0.000692
0.000031
0.000437
0.000000
0.100850
0.021372
0.042867
0.094991
0.188965
0.058411
0.040761
0.001333
0.084717
0.000600
0.001953
0.000000
0.044444
0.003835
0.000112
0.000000
0.000000
0.000000
0.000000
0.000000
0.000000
0.000000
0.000000
0.000000
0.000000
0.000000
0.000000
0.000000
0.204773
0.035411
0.073303
0.000000
0.001302
0.000000
0.000000
0.000000
0.042470
0.010671
0.036631
0.089203
0.223857
0.219228
0.074300
0.000743
0.003499
0.000061
0.001414
0.000000
0.089681
0.003306
0.011943
0.000000
0.013763
0.006297
0.000051
0.000000
0.000041
0.000010
0.000000
0.000000
0.000041
0.000000
0.000000
0.000000
0.058299
0.103007
0.011485
0.000000
0.000000
0.000000
0.000000
0.000000
0.011505
0.113342
0.125661
0.051931
0.044840
0.064158
0.033437
0.000031
0.031962
0.000031
0.010742
0.000000
0.016459
0.000336
0.000743
0.000000
0.000000
0.000000
0.000000
0.000000
0.000000
0.000000
0.000000
0.000000
0.000000
0.000000
0.000000
0.000000
0.483103
0.000966
0.010691
0.000000
0.000061
0.000000
0.000000
0.000000
0.015961
0.015828
0.019318
0.041901
0.070129
0.097524
0.129985
0.002533
0.033356
0.007802
0.014109
0.002197
0.032633
0.011729
0.000956
0.000000
0.001302
0.004323
0.000041
0.000000
0.000010
0.000000
0.000000
0.000000
0.000031
0.000000
0.000000
0.000000
0.213928
0.132751
0.097514
0.048655
0.003764
0.001282
0.000437
0.000000
0.014109
0.005046
0.010478
0.057983
0.245646
0.407216
0.004771
0.000071
0.005717
0.000326
0.006022
0.000031
0.014384
0.003916
0.001353
0.000061
0.001485
0.000773
0.000000
0.000000
0.000112
0.000000
0.000000
0.000000
0.000051
0.000000
0.000000
0.000000
0.212748
0.006032
0.001160
0.000000
0.000509
0.000000
0.000000
0.000000
0.031962
0.067902
0.170532
0.162435
0.113332
0.046804
0.020396
0.002146
0.000844
0.000000
0.000000
0.000000
0.000020
0.000000
0.000000
0.000000
0.000000
0.000000
0.000000
0.000000
0.000000
0.000000
0.000000
0.000000
0.000000
0.000000
0.000000
0.000000
0.272115
0.051829
0.059682
0.000000
0.000000
0.000000
0.000000
0.000000
0.030070
0.004395
0.007965
0.024343
0.106364
0.203593
0.474375
0.003662
0.006226
0.000661
0.005758
0.000071
0.015920
0.003642
0.000773
0.000000
0.001251
0.000071
0.000000
0.000000
0.000000
0.000000
0.000000
0.000000
0.000041
0.000000
0.000000
0.000000
0.095459
0.014730
0.000000
0.000000
0.000631
0.000000
0.000000
0.000000
0.032572
0.012553
0.006683
0.010620
0.023977
0.229146
0.570363
0.005473
0.019216
0.000926
0.005117
0.001434
0.016805
0.000122
0.000417
0.000020
0.000010
0.000000
0.000000
0.000000
0.000000
0.000000
0.000000
0.000000
0.000000
0.000000
0.000000
0.000000
0.019602
0.043762
0.000865
0.000000
0.000305
0.000000
0.000010
0.000000
0.009552
0.004211
0.001241
0.013550
0.117320
0.233531
0.288859
0.000000
0.000000
0.000000
0.000000
0.000000
0.000092
0.000000
0.000000
0.000000
0.000336
0.000000
0.000000
0.000000
0.000000
0.000000
0.000000
0.000000
0.000020
0.000000
0.000000
0.000000
0.330302
0.000539
0.000448
0.000000
0.000000
0.000000
0.000000
0.000000
0.191538
0.030711
0.015737
0.048024
0.085510
0.220205
0.375214
0.000051
0.003428
0.000000
0.000346
0.000000
0.015645
0.001078
0.003286
0.000498
0.000041
0.000000
0.000000
0.000000
0.000000
0.000000
0.000000
0.000000
0.000020
0.000000
0.000000
0.000000
0.006765
0.001841
0.000000
0.000000
0.000041
0.000000
0.000020
0.000000
0.039042
0.040710
0.028137
0.028208
0.055054
0.250366
0.361603
0.001322
0.000244
0.000000
0.000000
0.000000
0.053894
0.003164
0.002858
0.000000
0.044220
0.000071
0.000132
0.000000
0.016764
0.000000
0.000000
0.000000
0.001577
0.000000
0.000000
0.000000
0.072632
0.000000
0.000000
0.000000
0.000000
0.000000
0.000000
0.000000
0.149495
0.139262
0.033793
0.065826
0.096273
0.233012
0.242116
0.000112
0.000000
0.000000
0.000000
0.000000
0.003194
0.000000
0.000000
0.000000
0.011892
0.000000
0.000010
0.000000
0.000163
0.000000
0.000000
0.000000
0.000000
0.000000
0.000000
0.000000
0.024851
0.000000
0.000000
0.000000
0.000000
0.000000
0.000000
0.000000
0.161753
0.148682
0.052297
0.088165
0.202026
0.179057
0.105438
0.000407
0.031799
0.000000
0.002574
0.000000
0.008118
0.000000
0.000010
0.000000
0.017883
0.000000
0.000000
0.000000
0.001780
0.000000
0.000000
0.000000
0.000000
0.000000
0.000000
0.000000
0.000010
0.000000
0.000000
0.000000
0.000000
0.000000
0.000000
0.000000
0.027018
0.045909
0.067851
0.174561
0.460154
0.113393
0.017537
0.000000
0.000000
0.000000
0.000000
0.000000
0.000000
0.000000
0.000000
0.000000
0.000000
0.000000
0.000000
0.000000
0.000214
0.000000
0.000000
0.000000
0.011587
0.000000
0.000000
0.000000
0.049001
0.032776
0.000000
0.000000
0.000000
0.000000
0.000000
0.000000
0.060313
0.046906
0.042440
0.124522
0.266581
0.111918
0.034780
0.002797
0.000570
0.000112
0.001638
0.000020
0.014333
0.003713
0.004710
0.000641
0.074168
0.000071
0.000590
0.000000
0.001628
0.000000
0.000000
0.000000
0.000031
0.000000
0.000000
0.000000
0.089101
0.001139
0.117279
0.000000
0.000000
0.000000
0.000000
0.000000
0.148112
0.120799
0.079569
0.092275
0.079569
0.075968
0.115224
0.005676
0.008942
0.000519
0.010010
0.000234
0.035634
0.019460
0.002604
0.000000
0.021281
0.002299
0.002207
0.000000
0.001862
0.000000
0.000000
0.000000
0.002096
0.000000
0.000000
0.000000
0.175496
0.000000
0.000051
0.000000
0.000112
0.000000
0.000000
0.000000
0.199788
0.092265
0.031321
0.026011
0.109497
0.395976
0.066691
0.003499
0.013428
0.002991
0.000590
0.000000
0.019450
0.011525
0.000916
0.000000
0.006165
0.002360
0.000000
0.000000
0.010488
0.000010
0.002482
0.000000
0.001302
0.000031
0.000295
0.000000
0.002899
0.000000
0.000000
0.000000
0.000020
0.000000
0.000000
0.000000
0.164419
0.129669
0.055898
0.068634
0.058217
0.050374
0.066396
0.007111
0.007202
0.000346
0.002045
0.000000
0.045919
0.018209
0.006297
0.000000
0.002757
0.000112
0.001078
0.000000
0.002584
0.000000
0.000000
0.000000
0.001109
0.000000
0.000000
0.000000
0.309367
0.001251
0.000427
0.000000
0.000580
0.000000
0.000000
0.000000
0.355927
0.060842
0.012858
0.016724
0.029144
0.030131
0.231313
0.008850
0.018097
0.003479
0.001272
0.000122
0.007762
0.003764
0.000203
0.000000
0.000224
0.000163
0.000020
0.000000
0.000081
0.000000
0.000000
0.000000
0.002828
0.000000
0.000000
0.000000
0.212311
0.000600
0.000020
0.000000
0.003265
0.000000
0.000000
0.000000
0.118876
0.087179
0.049021
0.047312
0.394786
0.107574
0.080892
0.003713
0.005005
0.000437
0.000407
0.000000
0.009654
0.001068
0.000061
0.000000
0.002879
0.000010
0.000000
0.000000
0.000285
0.000000
0.000000
0.000000
0.000000
0.000000
0.000000
0.000000
0.090800
0.000000
0.000000
0.000000
0.000041
0.000000
0.000000
0.000000
0.077871
0.013926
0.003957
0.004964
0.091512
0.676514
0.003916
0.000071
0.003794
0.000163
0.001160
0.000000
0.001160
0.000071
0.000031
0.000000
0.000000
0.000000
0.000000
0.000000
0.000000
0.000000
0.000000
0.000000
0.000000
0.000000
0.000000
0.000000
0.095388
0.025208
0.000000
0.000000
0.000295
0.000000
0.000000
0.000000
0.067668
0.034993
0.016144
0.015544
0.155986
0.487915
0.046692
0.002502
0.002177
0.000051
0.000092
0.000000
0.007039
0.000895
0.000142
0.000000
0.001302
0.000051
0.000000
0.000000
0.000061
0.000000
0.000000
0.000000
0.000010
0.000000
0.000000
0.000000
0.030182
0.130554
0.000000
0.000000
0.000000
0.000000
0.000000
0.000000
0.017527
0.019124
0.019063
0.024943
0.110586
0.401204
0.312408
0.001099
0.000519
0.000000
0.000000
0.000000
0.000376
0.000000
0.000000
0.000000
0.000000
0.000000
0.000000
0.000000
0.000000
0.000000
0.000000
0.000000
0.000020
0.000000
0.000000
0.000000
0.015411
0.077718
0.000000
0.000000
0.000000
0.000000
0.000000
0.000000
0.043376
0.026774
0.015096
0.022369
0.209625
0.514537
0.152171
0.001495
0.005127
0.000000
0.000031
0.000000
0.007884
0.000000
0.000193
0.000000
0.001109
0.000000
0.000000
0.000000
0.000020
0.000000
0.000000
0.000000
0.000010
0.000000
0.000000
0.000000
0.000163
0.000000
0.000000
0.000000
0.000020
0.000000
0.000000
0.000000
0.192820
0.155406
0.105784
0.063883
0.043844
0.040070
0.185191
0.000671
0.050120
0.001740
0.031108
0.010040
0.059143
0.000000
0.000000
0.000000
0.000722
0.000000
0.000000
0.000000
0.000326
0.000000
0.000000
0.000000
0.000000
0.000000
0.000000
0.000000
0.023509
0.000254
0.035116
0.000000
0.000254
0.000000
0.000000
0.000000
0.029073
0.023244
0.012716
0.018901
0.051361
0.422811
0.143494
0.000651
0.037984
0.006887
0.006775
0.004791
0.051799
0.022583
0.007467
0.000275
0.002686
0.002838
0.000549
0.000000
0.000549
0.000000
0.000000
0.000000
0.000071
0.000000
0.000000
0.000000
0.044434
0.107564
0.000000
0.000000
0.000498
0.000000
0.000000
0.000000
0.012828
0.010071
0.013499
0.029643
0.093770
0.225616
0.145630
0.001617
0.005269
0.000051
0.000732
0.000000
0.000916
0.000000
0.000000
0.000000
0.001241
0.000000
0.000000
0.000000
0.000000
0.000000
0.000000
0.000000
0.000051
0.000000
0.000000
0.000000
0.203389
0.253550
0.002126
0.000000
0.000000
0.000000
0.000000
0.000000
0.031464
0.006490
0.017649
0.029012
0.011627
0.000010
0.002340
0.000000
0.000387
0.000193
0.000000
0.000000
0.013662
0.069621
0.000448
0.000000
0.006551
0.407257
0.000000
0.000000
0.000234
0.000203
0.000000
0.000000
0.005676
0.000000
0.000000
0.000000
0.395925
0.000000
0.001251
0.000000
0.000000
0.000000
0.000000
0.000000
0.011169
0.010223
0.008789
0.020508
0.212830
0.290161
0.271006
0.000031
0.000010
0.000000
0.000000
0.000000
0.001750
0.000000
0.000051
0.000000
0.001058
0.000000
0.000000
0.000000
0.000132
0.000000
0.000000
0.000000
0.000000
0.000000
0.000000
0.000000
0.172211
0.000071
0.000000
0.000000
0.000000
0.000000
0.000000
0.000000
0.015930
0.002340
0.001556
0.002808
0.006938
0.312734
0.158274
0.000071
0.000936
0.000183
0.000010
0.000000
0.008148
0.013631
0.000081
0.000000
0.000122
0.001404
0.000000
0.000000
0.000000
0.000000
0.000000
0.000000
0.000000
0.000000
0.000000
0.000000
0.047699
0.427053
0.000031
0.000000
0.000051
0.000000
0.000000
0.000000
0.131012
0.162160
0.110891
0.065460
0.057373
0.025879
0.017049
0.003377
0.000621
0.000010
0.000000
0.000000
0.036082
0.008504
0.000142
0.000000
0.000621
0.000193
0.000000
0.000000
0.000000
0.000000
0.000000
0.000000
0.000529
0.000000
0.000000
0.000000
0.305939
0.000000
0.074087
0.000000
0.000071
0.000000
0.000000
0.000000
0.009420
0.015025
0.097066
0.137248
0.192546
0.203481
0.215668
0.000000
0.000682
0.000000
0.000814
0.000000
0.002818
0.000000
0.000010
0.000000
0.000539
0.000000
0.000000
0.000000
0.000000
0.000000
0.000000
0.000000
0.000010
0.000000
0.000000
0.000000
0.124522
0.000081
0.000000
0.000000
0.000071
0.000000
0.000000
0.000000
0.065033
0.067708
0.029663
0.033162
0.064016
0.140452
0.338694
0.000498
0.001404
0.000010
0.000041
0.000000
0.228872
0.005503
0.001648
0.000000
0.023010
0.000000
0.000000
0.000000
0.000092
0.000000
0.000000
0.000000
0.000000
0.000000
0.000000
0.000000
0.000173
0.000000
0.000000
0.000000
0.000020
0.000000
0.000000
0.000000
0.033010
0.073558
0.069092
0.065013
0.058289
0.059906
0.018290
0.001699
0.023387
0.000041
0.000173
0.000000
0.029378
0.078013
0.001912
0.000000
0.000000
0.113770
0.000000
0.003225
0.000000
0.000000
0.000000
0.000000
0.000000
0.000000
0.000000
0.000000
0.371226
0.000000
0.000010
0.000000
0.000010
0.000000
0.000000
0.000000
0.015930
0.013072
0.021393
0.047475
0.247732
0.278168
0.066945
0.005951
0.007538
0.001719
0.000203
0.000000
0.016429
0.006175
0.001353
0.000000
0.000071
0.000000
0.000000
0.000000
0.000000
0.000000
0.000000
0.000000
0.000000
0.000000
0.000000
0.000000
0.158936
0.110901
0.000000
0.000000
0.000010
0.000000
0.000000
0.000000
0.027527
0.041453
0.045420
0.094564
0.072459
0.153188
0.094767
0.002604
0.002207
0.000031
0.000224
0.000000
0.009104
0.001719
0.000885
0.000000
0.000000
0.000000
0.000000
0.000000
0.000000
0.000000
0.000000
0.000000
0.000000
0.000000
0.000000
0.000000
0.452738
0.001109
0.000000
0.000000
0.000000
0.000000
0.000000
0.000000
0.164998
0.034668
0.000000
0.000000
0.000000
0.000000
0.000437
0.002238
0.082713
0.000376
0.053141
0.009033
0.001526
0.036174
0.007507
0.180227
0.000000
0.024943
0.000000
0.317281
0.000000
0.000000
0.000000
0.000000
0.000102
0.000000
0.000000
0.000000
0.034007
0.000000
0.049632
0.000000
0.000997
0.000000
0.000000
0.000000
0.027954
0.008443
0.014801
0.040599
0.120229
0.276845
0.205170
0.003225
0.025645
0.000326
0.000112
0.000000
0.010264
0.001149
0.000132
0.000000
0.000041
0.000000
0.000000
0.000000
0.000000
0.000000
0.000000
0.000000
0.000000
0.000000
0.000000
0.000000
0.248708
0.000570
0.015371
0.000000
0.000417
0.000000
0.000000
0.000000
0.009928
0.004313
0.003123
0.003927
0.005910
0.224955
0.269165
0.002136
0.001394
0.000366
0.000468
0.000031
0.005351
0.001251
0.000244
0.000000
0.005534
0.000214
0.000092
0.000000
0.000122
0.000000
0.000000
0.000000
0.000000
0.000000
0.000000
0.000000
0.106730
0.354553
0.000153
0.000000
0.000041
0.000000
0.000000
0.000000
0.028768
0.035695
0.030131
0.112366
0.305318
0.089650
0.296824
0.046244
0.000651
0.000000
0.000041
0.000000
0.000488
0.000000
0.000000
0.000000
0.000865
0.000000
0.000000
0.000000
0.000173
0.000000
0.000000
0.000000
0.000346
0.000000
0.000000
0.000000
0.052378
0.000000
0.000000
0.000000
0.000061
0.000000
0.000000
0.000000
0.034027
0.233439
0.133850
0.117432
0.161214
0.094269
0.054382
0.000183
0.037272
0.012655
0.002991
0.000000
0.017761
0.000926
0.002045
0.000000
0.000305
0.000000
0.000000
0.000000
0.000000
0.000000
0.000000
0.000000
0.000000
0.000000
0.000000
0.000000
0.097219
0.000000
0.000000
0.000000
0.000031
0.000000
0.000000
0.000000
0.003591
0.002472
0.002238
0.002879
0.004384
0.153097
0.319784
0.000641
0.002319
0.000936
0.002391
0.000488
0.003367
0.000234
0.000153
0.000000
0.000559
0.000000
0.000000
0.000000
0.000112
0.000000
0.000000
0.000000
0.000000
0.000000
0.000000
0.000000
0.081095
0.419037
0.000000
0.000000
0.000224
0.000000
0.000000
0.000000
0.005503
0.026123
0.057576
0.285685
0.273234
0.060567
0.013173
0.000559
0.000936
0.000163
0.000000
0.000000
0.025503
0.010590
0.005941
0.000529
0.012278
0.000010
0.000905
0.000000
0.004567
0.000000
0.000000
0.000000
0.000061
0.000000
0.000000
0.000000
0.216075
0.000020
0.000000
0.000000
0.000000
0.000000
0.000000
0.000000
0.065725
0.051310
0.025930
0.023478
0.025635
0.062388
0.590719
0.001200
0.005727
0.000112
0.000315
0.000000
0.048665
0.006368
0.009918
0.000010
0.060923
0.000600
0.000865
0.000000
0.014984
0.000000
0.000031
0.000000
0.000376
0.000000
0.000000
0.000000
0.003652
0.000020
0.000183
0.000000
0.000854
0.000000
0.000010
0.000000
0.047597
0.023020
0.012065
0.023977
0.088247
0.224843
0.146749
0.000061
0.001577
0.000000
0.000000
0.000000
0.249552
0.051982
0.065806
0.000051
0.054626
0.004059
0.000132
0.000000
0.005656
0.000000
0.000000
0.000000
0.000000
0.000000
0.000000
0.000000
0.000000
0.000000
0.000000
0.000000
0.000000
0.000000
0.000000
0.000000
0.035706
0.019063
0.096202
0.070831
0.384074
0.257141
0.039612
0.000234
0.033600
0.001831
0.002869
0.000000
0.011393
0.002309
0.005819
0.000020
0.000010
0.000000
0.000000
0.000000
0.000000
0.000000
0.000000
0.000000
0.000000
0.000000
0.000000
0.000000
0.039205
0.000000
0.000000
0.000000
0.000081
0.000000
0.000000
0.000000
0.145589
0.013255
0.021637
0.053416
0.123688
0.102264
0.005605
0.000244
0.008311
0.002350
0.003611
0.003886
0.142405
0.066315
0.052622
0.000010
0.016001
0.007884
0.001760
0.000000
0.064646
0.000214
0.000987
0.000000
0.008901
0.000000
0.000000
0.000000
0.133809
0.020274
0.000000
0.000000
0.000305
0.000010
0.000000
0.000000
0.007568
0.012705
0.102915
0.219706
0.180349
0.117421
0.215322
0.000081
0.000000
0.000000
0.000000
0.000000
0.003306
0.000580
0.000000
0.000000
0.001343
0.002248
0.000000
0.000000
0.000234
0.000000
0.000000
0.000000
0.000132
0.000000
0.000000
0.000000
0.136088
0.000000
0.000000
0.000000
0.000000
0.000000
0.000000
0.000000
0.039276
0.029999
0.032359
0.165426
0.304586
0.252329
0.102570
0.000763
0.000020
0.000000
0.000000
0.000000
0.007273
0.000000
0.000081
0.000000
0.056997
0.000000
0.000081
0.000000
0.000173
0.000000
0.000000
0.000000
0.000000
0.000000
0.000000
0.000000
0.008067
0.000000
0.000000
0.000000
0.000000
0.000000
0.000000
0.000000
0.039012
0.040029
0.045929
0.048035
0.111888
0.427236
0.259725
0.000346
0.006795
0.000071
0.004018
0.000000
0.001760
0.000000
0.000000
0.000000
0.002075
0.000000
0.000000
0.000000
0.004211
0.000000
0.000000
0.000000
0.001902
0.000000
0.000000
0.000000
0.005798
0.001139
0.000000
0.000000
0.000031
0.000000
0.000000
0.000000
0.226674
0.116333
0.062337
0.025716
0.008128
0.013275
0.149546
0.000244
0.040090
0.000753
0.000295
0.000000
0.170492
0.047312
0.012797
0.000000
0.000000
0.002645
0.000000
0.000000
0.000000
0.000000
0.000000
0.000000
0.000000
0.000000
0.000000
0.000000
0.104899
0.002431
0.000000
0.000000
0.016001
0.000010
0.000020
0.000000
0.071594
0.271556
0.190186
0.150828
0.098501
0.016693
0.000885
0.000570
0.055705
0.051381
0.000000
0.000000
0.000397
0.023336
0.000020
0.000244
0.000000
0.009013
0.000000
0.000000
0.000000
0.000000
0.000000
0.000000
0.000000
0.000000
0.000000
0.000000
0.059052
0.000000
0.000000
0.000000
0.000041
0.000000
0.000000
0.000000
0.058105
0.284190
0.098379
0.074025
0.076681
0.104960
0.195313
0.001994
0.051137
0.002696
0.000376
0.000000
0.026917
0.009654
0.000722
0.000000
0.004456
0.000010
0.000000
0.000000
0.000305
0.000000
0.000000
0.000000
0.000000
0.000000
0.000000
0.000000
0.009928
0.000000
0.000000
0.000000
0.000153
0.000000
0.000000
0.000000
0.038208
0.217753
0.134705
0.079722
0.048767
0.070923
0.045207
0.001790
0.001984
0.002472
0.000000
0.000000
0.010488
0.000071
0.000000
0.000000
0.000000
0.000000
0.000000
0.000000
0.000000
0.000000
0.000000
0.000000
0.000000
0.000000
0.000000
0.000000
0.325338
0.001272
0.021301
0.000000
0.000000
0.000000
0.000000
0.000000
0.006470
0.011892
0.029256
0.051168
0.032227
0.007314
0.402100
0.004791
0.007690
0.000000
0.004944
0.000000
0.219849
0.001567
0.008942
0.000000
0.031586
0.000000
0.000010
0.000000
0.000000
0.000000
0.000000
0.000000
0.000000
0.000000
0.000000
0.000000
0.005096
0.174591
0.000000
0.000000
0.000509
0.000000
0.000000
0.000000
0.034302
0.044586
0.058614
0.041433
0.111735
0.225311
0.382701
0.000031
0.003916
0.000000
0.002909
0.000000
0.004333
0.000000
0.000000
0.000000
0.009532
0.000000
0.000000
0.000000
0.014994
0.000000
0.000000
0.000000
0.003591
0.000000
0.000000
0.000000
0.051331
0.010559
0.000081
0.000000
0.000041
0.000000
0.000000
0.000000
0.006154
0.001333
0.001546
0.008799
0.207052
0.260702
0.095256
0.000407
0.000336
0.000071
0.000570
0.000010
0.003805
0.000468
0.000732
0.000010
0.000712
0.000193
0.000020
0.000000
0.002736
0.000387
0.000000
0.000000
0.000000
0.000000
0.000000
0.000000
0.172007
0.225199
0.000417
0.011068
0.000010
0.000000
0.000000
0.000000
0.130402
0.015940
0.025513
0.050171
0.121918
0.075480
0.066121
0.000173
0.000020
0.000000
0.000000
0.000000
0.014333
0.003072
0.000000
0.000000
0.001831
0.000031
0.000000
0.000000
0.000173
0.000000
0.000000
0.000000
0.001292
0.000000
0.000000
0.000000
0.141357
0.343170
0.009003
0.000000
0.000000
0.000000
0.000000
0.000000
0.014882
0.006104
0.026469
0.230794
0.200531
0.169952
0.320577
0.000000
0.000010
0.000000
0.000000
0.000000
0.000031
0.000000
0.000000
0.000000
0.000000
0.000000
0.000000
0.000000
0.000000
0.000000
0.000000
0.000000
0.000000
0.000000
0.000000
0.000000
0.017222
0.013428
0.000000
0.000000
0.000000
0.000000
0.000000
0.000000
0.082937
0.022898
0.020996
0.016602
0.037547
0.187642
0.320791
0.008657
0.000000
0.000000
0.000000
0.000000
0.008718
0.002075
0.000641
0.000000
0.036509
0.005503
0.000509
0.000000
0.010986
0.000000
0.000000
0.000000
0.020213
0.000000
0.000000
0.000000
0.158274
0.036560
0.021942
0.000000
0.000000
0.000000
0.000000
0.000000
0.019338
0.029551
0.059804
0.047262
0.010671
0.014709
0.165029
0.000854
0.004822
0.000000
0.001160
0.000000
0.249644
0.000041
0.025950
0.000000
0.172323
0.000000
0.006002
0.000000
0.006999
0.000000
0.000000
0.000000
0.000163
0.000000
0.000000
0.000000
0.008169
0.177338
0.000000
0.000000
0.000173
0.000000
0.000000
0.000000
0.049072
0.019816
0.005514
0.006297
0.007751
0.013336
0.829386
0.009878
0.002960
0.000000
0.000000
0.000000
0.000122
0.000000
0.000000
0.000000
0.000000
0.000000
0.000000
0.000000
0.000000
0.000000
0.000000
0.000000
0.000000
0.000000
0.000000
0.000000
0.009328
0.044729
0.000254
0.000000
0.001556
0.000000
0.000000
0.000000
0.009450
0.005676
0.002920
0.003235
0.022339
0.232300
0.334198
0.011759
0.000081
0.000000
0.000000
0.000000
0.000997
0.000010
0.000000
0.000000
0.000448
0.000000
0.000000
0.000000
0.000041
0.000000
0.000000
0.000000
0.000346
0.000000
0.000000
0.000000
0.028859
0.347341
0.000000
0.000000
0.000000
0.000000
0.000000
0.000000
0.039083
0.011810
0.005259
0.009389
0.018148
0.025584
0.764038
0.004008
0.002330
0.000000
0.000000
0.000000
0.004954
0.000000
0.000000
0.000000
0.000020
0.000000
0.000000
0.000000
0.000000
0.000000
0.000000
0.000000
0.000000
0.000000
0.000000
0.000000
0.004313
0.110982
0.000000
0.000000
0.000081
0.000000
0.000000
0.000000
0.036519
0.018962
0.006602
0.007039
0.015462
0.020508
0.790385
0.005941
0.000753
0.000000
0.000000
0.000000
0.001516
0.000000
0.000000
0.000000
0.000041
0.000000
0.000000
0.000000
0.000000
0.000000
0.000000
0.000000
0.000000
0.000000
0.000000
0.000000
0.008667
0.087362
0.000000
0.000000
0.000244
0.000000
0.000000
0.000000
0.040599
0.038737
0.019053
0.032522
0.051768
0.079183
0.284851
0.002747
0.010396
0.000519
0.000295
0.000000
0.043223
0.010366
0.001017
0.000000
0.001302
0.000427
0.000000
0.000000
0.000254
0.000000
0.000000
0.000000
0.000224
0.000000
0.000000
0.000000
0.381775
0.000702
0.000000
0.000000
0.000041
0.000000
0.000000
0.000000
0.023804
0.083282
0.071330
0.025136
0.011627
0.081319
0.392812
0.002014
0.102865
0.000041
0.001058
0.000000
0.139974
0.000061
0.005483
0.000000
0.000000
0.000000
0.000000
0.000000
0.000000
0.000000
0.000000
0.000000
0.000000
0.000000
0.000000
0.000000
0.035441
0.020020
0.000102
0.000000
0.003632
0.000000
0.000000
0.000000
0.025228
0.007100
0.007212
0.030589
0.105520
0.269613
0.313639
0.002309
0.001699
0.000000
0.000051
0.000000
0.010173
0.001872
0.018036
0.000356
0.138743
0.003876
0.036316
0.000437
0.002543
0.000000
0.000000
0.000000
0.000000
0.000000
0.000000
0.000000
0.000417
0.024272
0.000000
0.000000
0.000000
0.000000
0.000000
0.000000
0.141225
0.104818
0.032888
0.039113
0.066457
0.128438
0.233103
0.000010
0.000193
0.000000
0.000000
0.000000
0.151337
0.001821
0.005320
0.000000
0.093587
0.000000
0.000936
0.000000
0.000753
0.000000
0.000000
0.000000
0.000000
0.000000
0.000000
0.000000
0.000000
0.000000
0.000000
0.000000
0.000000
0.000000
0.000000
0.000000
0.079000
0.031494
0.036224
0.054606
0.069845
0.316681
0.331401
0.001038
0.008626
0.000417
0.010803
0.000000
0.012604
0.000000
0.000031
0.000000
0.036530
0.000000
0.000010
0.000000
0.007304
0.000000
0.000000
0.000000
0.000214
0.000000
0.000000
0.000000
0.003113
0.000000
0.000010
0.000000
0.000051
0.000000
0.000000
0.000000
0.152425
0.016561
0.031759
0.063121
0.100810
0.117116
0.057983
0.001719
0.000000
0.000000
0.000000
0.000000
0.015218
0.017202
0.000092
0.000000
0.004832
0.000000
0.000041
0.000000
0.003204
0.000000
0.000000
0.000000
0.000071
0.000000
0.000000
0.000000
0.112722
0.297902
0.007222
0.000000
0.000000
0.000000
0.000000
0.000000
0.191498
0.052856
0.044067
0.075724
0.054952
0.066986
0.091695
0.000061
0.026805
0.017700
0.004628
0.010651
0.172089
0.019582
0.000458
0.000000
0.002411
0.000071
0.000000
0.000000
0.097473
0.000000
0.052592
0.000000
0.001963
0.000000
0.013774
0.000000
0.001882
0.000000
0.000020
0.000000
0.000061
0.000000
0.000000
0.000000
0.093730
0.040232
0.053274
0.090810
0.111338
0.254903
0.123840
0.008240
0.007935
0.001455
0.004547
0.000000
0.013926
0.002594
0.000020
0.000000
0.014038
0.000010
0.000020
0.000000
0.004435
0.000000
0.001567
0.000000
0.000692
0.000000
0.000000
0.000000
0.165049
0.001556
0.005422
0.000000
0.000366
0.000000
0.000000
0.000000
0.125376
0.057505
0.037760
0.051097
0.440196
0.093852
0.071065
0.004893
0.006622
0.000966
0.001292
0.000031
0.019450
0.003286
0.000295
0.000000
0.005157
0.000000
0.000000
0.000000
0.000458
0.000000
0.000000
0.000000
0.000020
0.000000
0.000000
0.000000
0.080251
0.000122
0.000132
0.000000
0.000173
0.000000
0.000000
0.000000
0.109151
0.074331
0.028503
0.029653
0.046753
0.105794
0.098755
0.011007
0.002716
0.000000
0.000000
0.000000
0.022827
0.000743
0.001068
0.000000
0.015951
0.000020
0.000254
0.000000
0.000183
0.000000
0.000000
0.000000
0.000020
0.000000
0.000000
0.000000
0.254649
0.162791
0.034760
0.000000
0.000071
0.000000
0.000000
0.000000
0.044240
0.060038
0.024170
0.023621
0.034983
0.068909
0.102346
0.006775
0.014303
0.005412
0.002187
0.000905
0.002553
0.001760
0.000183
0.000000
0.001862
0.000000
0.000051
0.000000
0.001373
0.000000
0.000000
0.000000
0.003398
0.000061
0.000122
0.000000
0.252024
0.340190
0.000061
0.000000
0.006368
0.001353
0.000264
0.000488
0.203166
0.034841
0.020711
0.018575
0.017934
0.046468
0.245524
0.000000
0.000010
0.000000
0.000000
0.000000
0.195272
0.003713
0.013285
0.000000
0.169454
0.000041
0.001282
0.000000
0.006327
0.000000
0.000000
0.000000
0.000000
0.000000
0.000000
0.000000
0.001882
0.021515
0.000000
0.000000
0.000000
0.000000
0.000000
0.000000
0.108917
0.205841
0.077769
0.063649
0.035736
0.054159
0.045237
0.000173
0.086507
0.014201
0.012095
0.000000
0.057943
0.000712
0.012024
0.000000
0.004069
0.000488
0.000000
0.000000
0.100515
0.000020
0.044403
0.000000
0.014567
0.000000
0.041595
0.000000
0.016418
0.001058
0.000051
0.000000
0.001851
0.000000
0.000000
0.000000
0.062307
0.075745
0.029521
0.022085
0.026876
0.108276
0.610921
0.005524
0.014730
0.000041
0.000020
0.000000
0.030904
0.002391
0.000092
0.000000
0.003825
0.000356
0.000000
0.000000
0.000000
0.000000
0.000000
0.000000
0.000010
0.000000
0.000000
0.000000
0.005503
0.000590
0.000000
0.000000
0.000285
0.000000
0.000000
0.000000
0.194956
0.040375
0.076640
0.062276
0.019552
0.011058
0.318288
0.002828
0.130615
0.000214
0.007955
0.000000
0.095968
0.000000
0.000102
0.000000
0.016144
0.000000
0.000000
0.000000
0.000142
0.000000
0.000000
0.000000
0.000000
0.000000
0.000000
0.000000
0.005524
0.017334
0.000000
0.000000
0.000031
0.000000
0.000000
0.000000
0.018860
0.012360
0.013194
0.011688
0.025543
0.424327
0.093129
0.003611
0.079834
0.000559
0.006816
0.000000
0.002167
0.000122
0.000081
0.000000
0.000275
0.000000
0.000000
0.000000
0.000112
0.000000
0.000010
0.000000
0.000000
0.000000
0.000000
0.000000
0.248301
0.004954
0.039622
0.000000
0.012655
0.000010
0.001770
0.000000
0.052785
0.104156
0.055389
0.053243
0.084340
0.127472
0.094045
0.009816
0.002411
0.000041
0.000000
0.000000
0.118886
0.017639
0.009664
0.000000
0.029124
0.000000
0.001923
0.000000
0.000702
0.000000
0.000000
0.000000
0.000031
0.000000
0.000000
0.000000
0.165120
0.018951
0.054036
0.000000
0.000224
0.000000
0.000000
0.000000
0.270854
0.024068
0.009440
0.013743
0.026215
0.106384
0.225118
0.003977
0.100647
0.057983
0.004588
0.000051
0.123271
0.013407
0.006083
0.000000
0.001882
0.000142
0.000112
0.000000
0.000488
0.000254
0.000041
0.000010
0.000000
0.000000
0.000000
0.000000
0.003947
0.004720
0.000000
0.000000
0.002096
0.000264
0.000214
0.000000
0.014160
0.024028
0.048808
0.058919
0.115102
0.436676
0.215393
0.003031
0.037404
0.000509
0.005544
0.000000
0.027161
0.004405
0.000743
0.000000
0.000010
0.000010
0.000000
0.000000
0.000061
0.000000
0.000000
0.000000
0.002472
0.000000
0.002747
0.000000
0.001149
0.000000
0.001485
0.000000
0.000173
0.000000
0.000010
0.000000
0.070323
0.061961
0.026133
0.027802
0.033285
0.226166
0.233246
0.007802
0.010518
0.001302
0.002543
0.000153
0.020721
0.002096
0.000214
0.000000
0.004771
0.000010
0.000000
0.000000
0.002391
0.000051
0.000020
0.000000
0.000875
0.000000
0.000000
0.000000
0.108500
0.154612
0.003265
0.000000
0.000824
0.000010
0.000407
0.000000
0.033966
0.016296
0.022522
0.024882
0.032176
0.034231
0.100759
0.000865
0.069987
0.003184
0.009003
0.000000
0.076213
0.135915
0.004974
0.000000
0.001567
0.053019
0.001678
0.000387
0.000000
0.000000
0.000000
0.000000
0.000000
0.000000
0.000000
0.000000
0.052419
0.323903
0.000081
0.000000
0.001973
0.000000
0.000000
0.000000
0.289886
0.025859
0.010976
0.019806
0.105733
0.238719
0.158051
0.001241
0.001424
0.000000
0.000000
0.000000
0.003357
0.000000
0.000000
0.000000
0.000498
0.000000
0.000000
0.000000
0.000590
0.000000
0.000000
0.000000
0.000244
0.000000
0.000000
0.000000
0.117218
0.024984
0.001404
0.000000
0.000010
0.000000
0.000000
0.000000
0.257853
0.065572
0.052928
0.053853
0.061188
0.089203
0.119832
0.007111
0.009705
0.000753
0.000651
0.000020
0.016673
0.004272
0.002299
0.000000
0.038076
0.000936
0.001272
0.000000
0.010885
0.000000
0.000010
0.000000
0.012085
0.000000
0.000000
0.000000
0.180837
0.005636
0.008352
0.000000
0.000000
0.000000
0.000000
0.000000
0.264862
0.034434
0.009684
0.008708
0.011597
0.029154
0.230072
0.010396
0.017975
0.003937
0.003225
0.000712
0.028503
0.007355
0.001475
0.000020
0.000875
0.000061
0.000000
0.000000
0.000234
0.000000
0.000000
0.000000
0.000661
0.000031
0.000000
0.000000
0.302836
0.000071
0.029409
0.000000
0.003550
0.000163
0.000000
0.000000
0.025513
0.012482
0.018677
0.043854
0.083344
0.137878
0.171885
0.002411
0.000224
0.000000
0.000000
0.000000
0.004140
0.000407
0.000000
0.000000
0.000336
0.000071
0.000000
0.000000
0.000000
0.000000
0.000000
0.000000
0.000020
0.000000
0.000000
0.000000
0.244771
0.182281
0.071655
0.000000
0.000051
0.000000
0.000000
0.000000
0.034200
0.020386
0.030009
0.039327
0.056549
0.133769
0.102071
0.004059
0.004374
0.000549
0.001506
0.000020
0.016164
0.003815
0.000102
0.000000
0.009562
0.004283
0.000010
0.000000
0.000031
0.000000
0.000000
0.000000
0.000071
0.000000
0.000000
0.000000
0.226786
0.143717
0.168589
0.000000
0.000051
0.000000
0.000000
0.000000
0.061015
0.123281
0.078705
0.052032
0.080027
0.096202
0.394450
0.000183
0.027832
0.000875
0.009552
0.000702
0.000651
0.000661
0.000000
0.000000
0.000000
0.000000
0.000000
0.000000
0.000000
0.000000
0.000000
0.000000
0.000000
0.000000
0.000000
0.000000
0.062266
0.000000
0.002655
0.000000
0.007243
0.000000
0.001668
0.000000
0.160706
0.056661
0.059855
0.061676
0.084096
0.094137
0.153493
0.002797
0.008321
0.000000
0.003153
0.000000
0.002726
0.000061
0.000000
0.000000
0.000081
0.000000
0.000000
0.000000
0.002543
0.000000
0.000000
0.000000
0.005839
0.000000
0.000000
0.000000
0.202535
0.101257
0.000000
0.000000
0.000061
0.000000
0.000000
0.000000
0.012044
0.002482
0.002330
0.003784
0.046763
0.111471
0.278921
0.005249
0.051819
0.005778
0.001719
0.000549
0.026337
0.005188
0.003621
0.000010
0.000031
0.000356
0.000020
0.000000
0.000000
0.000000
0.000000
0.000000
0.000000
0.000000
0.000000
0.000000
0.006683
0.289296
0.023631
0.112498
0.009420
0.000000
0.000000
0.000000
0.112691
0.021912
0.031250
0.071655
0.129771
0.157369
0.105499
0.006521
0.007548
0.000061
0.000122
0.000000
0.011037
0.000010
0.000000
0.000000
0.002136
0.000000
0.000000
0.000000
0.000275
0.000000
0.000000
0.000000
0.000000
0.000000
0.000000
0.000000
0.198446
0.136271
0.007314
0.000000
0.000112
0.000000
0.000000
0.000000
0.104492
0.059916
0.006042
0.005951
0.009603
0.083679
0.542735
0.007039
0.010376
0.000397
0.000092
0.000000
0.005280
0.000092
0.000010
0.000000
0.000224
0.000000
0.000000
0.000000
0.000000
0.000000
0.000000
0.000000
0.000000
0.000000
0.000000
0.000000
0.034454
0.126282
0.000203
0.000478
0.002655
0.000000
0.000000
0.000000
0.244609
0.115082
0.038544
0.027720
0.049530
0.089284
0.085632
0.009776
0.004120
0.000234
0.007202
0.000336
0.034861
0.014740
0.005096
0.000041
0.026693
0.001607
0.002889
0.000000
0.059560
0.000000
0.000000
0.000000
0.014079
0.000000
0.000000
0.000000
0.148254
0.007345
0.011851
0.000000
0.000732
0.000000
0.000183
0.000000
0.010122
0.075999
0.049164
0.018595
0.020233
0.024058
0.381826
0.013092
0.001567
0.000743
0.000081
0.000000
0.003988
0.000570
0.000712
0.000000
0.001312
0.000000
0.000285
0.000000
0.002065
0.000000
0.000000
0.000000
0.001333
0.000000
0.000000
0.000000
0.392914
0.000783
0.000448
0.000000
0.000112
0.000000
0.000000
0.000000
0.008291
0.219655
0.072449
0.037801
0.026428
0.361806
0.068014
0.001790
0.007813
0.003276
0.001841
0.000234
0.000926
0.000031
0.000000
0.000000
0.000132
0.000000
0.000000
0.000000
0.131449
0.000000
0.000000
0.000000
0.016897
0.000000
0.000000
0.000000
0.039398
0.001750
0.000000
0.000000
0.000020
0.000000
0.000000
0.000000
