0.022818
0.012213
0.027642
0.028322
0.002556
0.003947
0.008977
0.001433
0.003618
0.030373
0.016882
0.003824
0.010100
0.005401
0.005462
0.000526
0.000907
0.000989
0.000897
0.135693
0.005833
0.005730
0.001814
0.004566
0.004576
0.001546
0.001278
0.000979
0.002102
0.000093
0.000103
0.002154
0.197108
0.037979
0.005504
0.011368
0.007936
0.003442
0.000721
0.000567
0.000897
0.000742
0.092891
0.004803
0.004566
0.009709
0.002144
0.001711
0.037185
0.060508
0.166869
0.032990
0.019056
0.035268
0.032661
0.003793
0.005875
0.013130
0.001865
0.004957
0.030115
0.021406
0.006019
0.014037
0.007163
0.006709
0.001268
0.001175
0.001216
0.001226
0.167962
0.007421
0.007781
0.002412
0.005318
0.004999
0.002072
0.001896
0.001618
0.002989
0.000072
0.000062
0.002185
0.150194
0.044193
0.007410
0.016521
0.008740
0.005308
0.001082
0.001082
0.001422
0.001330
0.092932
0.006266
0.006039
0.013934
0.002453
0.002762
0.044534
0.052717
0.094365
0.049099
0.027487
0.046141
0.048986
0.005184
0.009523
0.017397
0.003566
0.005689
0.037134
0.026106
0.009111
0.019664
0.009791
0.010997
0.001525
0.001690
0.002030
0.002154
0.121089
0.009544
0.010801
0.003875
0.008461
0.008049
0.003143
0.002401
0.002556
0.004504
0.000134
0.000175
0.003762
0.075834
0.043740
0.009564
0.019932
0.012182
0.007987
0.001247
0.001340
0.001999
0.002494
0.073917
0.006411
0.008894
0.018623
0.004153
0.004071
0.054654
0.047708
0.093478
0.025374
0.010409
0.037412
0.022540
0.001876
0.003669
0.010275
0.000742
0.006338
0.027693
0.017840
0.003494
0.009533
0.006441
0.003669
0.000340
0.000794
0.000917
0.000814
0.192584
0.005596
0.006266
0.002236
0.003195
0.002865
0.001690
0.001082
0.000804
0.001835
0.000041
0.000052
0.001649
0.139568
0.079307
0.004700
0.011059
0.005297
0.004009
0.000495
0.000608
0.000886
0.000618
0.125520
0.003865
0.003679
0.010420
0.001793
0.003556
0.047502
0.062116
0.084934
0.034114
0.019840
0.034598
0.031259
0.003813
0.006246
0.012924
0.002474
0.007142
0.029157
0.020664
0.005586
0.013563
0.007750
0.006689
0.001257
0.001082
0.001546
0.001649
0.144103
0.007050
0.007029
0.002319
0.005184
0.005153
0.002102
0.002123
0.001855
0.003679
0.000082
0.000124
0.002432
0.119368
0.037412
0.006761
0.014625
0.008791
0.005452
0.001196
0.001165
0.001670
0.001752
0.072587
0.005864
0.006318
0.013821
0.003236
0.003071
0.044338
0.051995
0.175990
0.036051
0.012965
0.051799
0.033856
0.002391
0.005050
0.011718
0.000845
0.010564
0.029157
0.027971
0.005442
0.011626
0.009368
0.004339
0.000412
0.001051
0.000845
0.000618
0.107454
0.007462
0.008214
0.003205
0.004226
0.003319
0.002855
0.001288
0.001082
0.002041
0.000052
0.000062
0.002370
0.077235
0.029713
0.006957
0.012275
0.006905
0.007699
0.000567
0.000979
0.001010
0.000742
0.073865
0.004123
0.005545
0.012687
0.001855
0.006812
0.059983
0.049656
0.241693
0.024797
0.009719
0.040442
0.031084
0.001670
0.003855
0.009585
0.000742
0.007544
0.039875
0.024539
0.004050
0.009719
0.007091
0.004112
0.000402
0.000649
0.000567
0.000567
0.179216
0.006215
0.006359
0.002154
0.003154
0.002968
0.001567
0.001041
0.000670
0.001639
0.000062
0.000062
0.001608
0.108443
0.069248
0.005421
0.010873
0.005730
0.005112
0.000515
0.000701
0.000814
0.000680
0.102001
0.003751
0.004081
0.010141
0.001402
0.004452
0.048522
0.065620
0.124768
0.035608
0.013501
0.046605
0.034258
0.002638
0.005225
0.010605
0.000876
0.008997
0.029857
0.026312
0.005699
0.011172
0.008977
0.005339
0.000618
0.001185
0.000866
0.000938
0.099002
0.007998
0.008503
0.002834
0.005009
0.003288
0.002896
0.001299
0.001113
0.002144
0.000062
0.000093
0.002638
0.080760
0.030239
0.006843
0.012811
0.007256
0.006874
0.000660
0.001196
0.000979
0.000989
0.078647
0.004854
0.005483
0.013233
0.002391
0.005627
0.056004
0.056149
0.242847
0.025992
0.013914
0.028621
0.026961
0.003226
0.004607
0.009441
0.001494
0.004143
0.028940
0.015222
0.004597
0.009533
0.006101
0.004792
0.000804
0.001103
0.001257
0.001216
0.097848
0.005751
0.006472
0.002175
0.004576
0.003751
0.002041
0.001412
0.001515
0.002422
0.000031
0.000041
0.001845
0.082832
0.039195
0.006617
0.009657
0.007555
0.004452
0.000979
0.000969
0.001237
0.000886
0.090036
0.005720
0.004865
0.010853
0.002504
0.002319
0.039257
0.082347
0.285876
0.009296
0.003824
0.038556
0.024065
0.000443
0.001793
0.004617
0.000196
0.013862
0.045616
0.022519
0.001587
0.005565
0.007369
0.001762
0.000062
0.000443
0.000299
0.000165
0.250031
0.005411
0.005328
0.001659
0.002484
0.001762
0.001051
0.000371
0.000289
0.000495
0.000041
0.000010
0.001062
0.157099
0.069547
0.003587
0.005720
0.004895
0.001896
0.000227
0.000134
0.000237
0.000227
0.091025
0.003051
0.001422
0.004978
0.001567
0.001608
0.054149
0.038484
0.108113
0.025632
0.009214
0.054984
0.024766
0.001752
0.003411
0.011182
0.000691
0.020932
0.025302
0.019943
0.002927
0.010914
0.009070
0.003370
0.000412
0.000958
0.001175
0.000835
0.133415
0.007204
0.007122
0.002463
0.003411
0.002793
0.001917
0.001206
0.001031
0.001711
0.000093
0.000031
0.001639
0.095045
0.027126
0.005328
0.010801
0.006246
0.004246
0.000577
0.000701
0.001020
0.000639
0.068640
0.004421
0.003772
0.012625
0.001793
0.004638
0.066960
0.049089
0.244826
0.029806
0.012440
0.048594
0.051583
0.001886
0.005308
0.010080
0.001144
0.006771
0.056777
0.034949
0.005246
0.011821
0.009657
0.007555
0.000443
0.000969
0.000969
0.000639
0.170714
0.008101
0.007977
0.003834
0.006101
0.005833
0.002999
0.001113
0.000845
0.002020
0.000031
0.000010
0.003463
0.078884
0.061333
0.007348
0.012347
0.011069
0.006689
0.000484
0.000618
0.000928
0.000855
0.090778
0.003751
0.005782
0.012007
0.002422
0.003195
0.060921
0.035856
0.095055
0.027930
0.013749
0.029352
0.028116
0.002546
0.004782
0.009389
0.001412
0.005514
0.027446
0.017067
0.004607
0.008729
0.006751
0.005761
0.000453
0.001072
0.000835
0.000835
0.100394
0.006905
0.005967
0.002401
0.004349
0.003824
0.002030
0.001422
0.001206
0.001907
0.000041
0.000093
0.002247
0.088243
0.035052
0.005720
0.009647
0.006936
0.004762
0.000618
0.000721
0.000917
0.000958
0.079111
0.004257
0.004648
0.009801
0.001927
0.002690
0.038958
0.065342
0.310560
0.022128
0.011254
0.035495
0.036763
0.002072
0.003721
0.009492
0.000948
0.003875
0.048058
0.022612
0.003927
0.011007
0.005483
0.004937
0.000350
0.000546
0.000938
0.000598
0.195593
0.005596
0.005967
0.001845
0.004834
0.004494
0.001546
0.000742
0.000670
0.002154
0.000031
0.000052
0.002030
0.099167
0.084295
0.006338
0.011378
0.007441
0.003721
0.000443
0.000402
0.001062
0.000598
0.112586
0.004030
0.003989
0.010358
0.001865
0.001835
0.046244
0.061343
0.093148
0.034454
0.017253
0.044173
0.063528
0.002855
0.007111
0.010615
0.001628
0.003834
0.058375
0.034660
0.006709
0.014666
0.009605
0.009162
0.000567
0.000897
0.000721
0.000886
0.139939
0.008461
0.009564
0.003751
0.007853
0.007524
0.003257
0.001340
0.001082
0.001979
0.000041
0.000021
0.004133
0.066795
0.064806
0.008884
0.013378
0.012965
0.007194
0.000670
0.000567
0.000938
0.000835
0.098621
0.004741
0.006936
0.012131
0.002329
0.002257
0.056437
0.038948
0.089922
0.047739
0.024725
0.054953
0.044626
0.004978
0.008688
0.016109
0.002525
0.009348
0.031197
0.028425
0.008245
0.016789
0.011306
0.009276
0.001196
0.001845
0.001433
0.001783
0.128530
0.010430
0.010214
0.003205
0.006678
0.006586
0.003782
0.002618
0.002474
0.003484
0.000134
0.000144
0.003226
0.097261
0.035330
0.010162
0.017376
0.010471
0.008358
0.001216
0.001505
0.001896
0.001670
0.074061
0.006658
0.008255
0.017016
0.003174
0.005153
0.066898
0.041576
0.085274
0.041978
0.021035
0.050254
0.051109
0.004236
0.006720
0.013656
0.001597
0.007853
0.045657
0.040741
0.007812
0.016335
0.010512
0.007421
0.000773
0.001257
0.001371
0.001123
0.185081
0.010440
0.009348
0.003566
0.005854
0.005297
0.003411
0.001917
0.001628
0.002772
0.000072
0.000134
0.003030
0.066393
0.060343
0.009770
0.015645
0.008822
0.007895
0.001031
0.001371
0.001515
0.001051
0.077040
0.005545
0.006967
0.013903
0.002175
0.004246
0.056190
0.031548
0.064559
0.033918
0.017830
0.043843
0.040524
0.002834
0.006194
0.011770
0.001536
0.010162
0.034918
0.027848
0.005308
0.013914
0.010152
0.006895
0.000711
0.001288
0.001010
0.000938
0.140434
0.008843
0.007936
0.003143
0.005411
0.005421
0.003216
0.001577
0.000948
0.002288
0.000103
0.000041
0.002721
0.097188
0.045296
0.007482
0.013378
0.008534
0.006029
0.000855
0.000814
0.001175
0.000835
0.086985
0.005277
0.005576
0.011986
0.002175
0.003339
0.056314
0.045605
0.147483
0.035309
0.016088
0.044801
0.053789
0.002401
0.006009
0.011852
0.001412
0.006730
0.054407
0.041885
0.006277
0.014800
0.009358
0.007194
0.000443
0.000773
0.000814
0.000660
0.200489
0.007915
0.008266
0.003587
0.005143
0.005782
0.003731
0.001402
0.000886
0.001742
0.000052
0.000021
0.003473
0.074659
0.072649
0.008235
0.013594
0.009131
0.006555
0.000680
0.000423
0.000845
0.000629
0.084883
0.003896
0.005998
0.011667
0.001876
0.003329
0.053119
0.027456
0.062889
0.025354
0.009832
0.043029
0.042740
0.001134
0.004473
0.008729
0.000783
0.008915
0.049625
0.032444
0.003731
0.010760
0.009441
0.005648
0.000124
0.000660
0.000639
0.000443
0.180845
0.006977
0.007369
0.003082
0.005225
0.005277
0.002515
0.000773
0.000392
0.001000
0.000021
0.000041
0.002906
0.102486
0.074030
0.006194
0.010430
0.009616
0.004586
0.000423
0.000206
0.000711
0.000330
0.098302
0.003380
0.003525
0.009234
0.001917
0.002577
0.057303
0.038071
0.101754
0.037536
0.020623
0.037999
0.039865
0.004370
0.007173
0.012553
0.002381
0.005854
0.039092
0.021447
0.006545
0.013841
0.008420
0.008740
0.001020
0.001577
0.001659
0.001402
0.107866
0.009121
0.008771
0.003226
0.007709
0.007008
0.002865
0.002123
0.001793
0.003102
0.000186
0.000186
0.003473
0.082894
0.046183
0.009575
0.014192
0.012265
0.006287
0.001206
0.001196
0.001587
0.001391
0.090232
0.006606
0.007101
0.013491
0.003298
0.002865
0.050831
0.056788
0.162489
0.010863
0.004700
0.015635
0.014202
0.001134
0.001752
0.003751
0.000309
0.004463
0.025333
0.009100
0.001711
0.003710
0.003618
0.001886
0.000237
0.000495
0.000515
0.000464
0.098910
0.003679
0.003535
0.001134
0.002443
0.001505
0.001041
0.000587
0.000484
0.000783
0.000041
0.000041
0.000958
0.091211
0.063848
0.003123
0.004339
0.004504
0.001762
0.000309
0.000258
0.000649
0.000402
0.112596
0.003298
0.001876
0.004576
0.001113
0.001247
0.025962
0.091963
0.367945
0.025137
0.010708
0.050254
0.028363
0.002340
0.003679
0.009935
0.000897
0.017078
0.027064
0.021509
0.003834
0.010007
0.010038
0.004318
0.000453
0.001000
0.000794
0.000886
0.165086
0.007266
0.007431
0.002144
0.003855
0.003154
0.001958
0.001175
0.000866
0.001865
0.000052
0.000062
0.001938
0.133632
0.036639
0.005648
0.010657
0.006617
0.004421
0.000711
0.000670
0.000876
0.000814
0.073948
0.003865
0.003741
0.009956
0.001556
0.003020
0.065672
0.047491
0.164921
0.024076
0.010945
0.032929
0.032619
0.002164
0.003958
0.007884
0.000825
0.005555
0.033001
0.021221
0.004854
0.007915
0.007658
0.004102
0.000412
0.000928
0.000979
0.000825
0.112277
0.006534
0.006606
0.003123
0.003721
0.003339
0.002288
0.001196
0.000979
0.001577
0.000113
0.000041
0.002206
0.106866
0.036288
0.006194
0.009018
0.006349
0.005277
0.000649
0.000845
0.001113
0.000732
0.090273
0.004617
0.004287
0.009502
0.001814
0.003030
0.042112
0.066723
0.257462
0.023333
0.010399
0.037031
0.040050
0.001608
0.004978
0.007596
0.000763
0.005442
0.047079
0.025415
0.003741
0.009956
0.008173
0.005906
0.000350
0.000763
0.000670
0.000825
0.134188
0.007379
0.007915
0.002669
0.005823
0.005741
0.002494
0.001062
0.000835
0.001525
0.000000
0.000103
0.003030
0.086016
0.058024
0.006266
0.010049
0.010451
0.005215
0.000608
0.000721
0.000825
0.000412
0.103362
0.004370
0.004349
0.009028
0.002783
0.002422
0.054665
0.046657
0.186936
0.024766
0.012502
0.031424
0.043750
0.002329
0.004937
0.007833
0.001268
0.003679
0.056437
0.034207
0.004277
0.009678
0.006782
0.006266
0.000453
0.000814
0.000691
0.000773
0.204858
0.006843
0.006658
0.002659
0.004483
0.005071
0.002267
0.001196
0.001031
0.001731
0.000021
0.000052
0.002659
0.086295
0.076030
0.006359
0.009276
0.007627
0.004782
0.000608
0.000371
0.000763
0.000618
0.086985
0.003587
0.004040
0.008307
0.001804
0.001680
0.040432
0.034753
0.133291
0.031661
0.017871
0.033599
0.038721
0.003205
0.006009
0.010822
0.001608
0.005112
0.036598
0.022828
0.005730
0.011945
0.007853
0.006380
0.000938
0.001206
0.001247
0.001134
0.115462
0.007689
0.007338
0.003195
0.005163
0.004865
0.002597
0.001742
0.001783
0.002494
0.000103
0.000052
0.002515
0.143278
0.039236
0.008111
0.012295
0.009152
0.006132
0.000855
0.001268
0.001525
0.001144
0.082512
0.006586
0.006153
0.012409
0.002669
0.002896
0.046172
0.053407
0.164736
0.026631
0.012718
0.034825
0.035433
0.002370
0.004164
0.008204
0.001113
0.005802
0.033867
0.023735
0.005091
0.009451
0.007235
0.004906
0.000639
0.000855
0.000845
0.000660
0.141258
0.007204
0.006998
0.002577
0.004318
0.003855
0.002154
0.001257
0.001196
0.001752
0.000103
0.000082
0.002195
0.183401
0.037402
0.006132
0.010935
0.007462
0.005504
0.000670
0.000814
0.001051
0.000825
0.095014
0.005205
0.004669
0.010780
0.001711
0.003360
0.045317
0.057684
0.128571
0.006709
0.002350
0.024220
0.013646
0.000289
0.001226
0.003422
0.000196
0.010543
0.022530
0.010327
0.001206
0.003339
0.004916
0.001226
0.000052
0.000299
0.000196
0.000144
0.149606
0.003618
0.003834
0.001103
0.001783
0.001237
0.000608
0.000299
0.000155
0.000330
0.000021
0.000021
0.000639
0.163406
0.044029
0.002700
0.004019
0.002865
0.001247
0.000134
0.000082
0.000134
0.000124
0.084450
0.002401
0.000969
0.003669
0.001062
0.000948
0.032063
0.054541
0.331069
0.017016
0.007833
0.026652
0.027126
0.001185
0.003401
0.005576
0.000721
0.004751
0.034773
0.016861
0.002793
0.006874
0.006039
0.004184
0.000216
0.000515
0.000567
0.000433
0.128097
0.005071
0.005040
0.002236
0.003865
0.003422
0.001711
0.000598
0.000629
0.001268
0.000031
0.000041
0.002020
0.116472
0.064095
0.005184
0.007719
0.006441
0.003339
0.000464
0.000330
0.000598
0.000340
0.117131
0.004287
0.003339
0.007235
0.001536
0.001433
0.039937
0.081121
0.217453
0.007091
0.003648
0.010337
0.008204
0.000639
0.001226
0.003298
0.000268
0.004009
0.015769
0.005462
0.001165
0.003277
0.002515
0.001567
0.000155
0.000268
0.000278
0.000340
0.058901
0.002474
0.002082
0.000474
0.001608
0.001319
0.000412
0.000402
0.000402
0.000742
0.000041
0.000031
0.000598
0.120254
0.019242
0.002133
0.003885
0.003061
0.000907
0.000144
0.000237
0.000412
0.000289
0.060343
0.002329
0.001474
0.003360
0.000948
0.000557
0.017376
0.054510
0.569537
0.021757
0.008699
0.036814
0.029826
0.001402
0.003350
0.009451
0.000618
0.005215
0.042988
0.019871
0.003494
0.010760
0.006514
0.004257
0.000268
0.000649
0.000814
0.000587
0.189564
0.006534
0.006277
0.002041
0.004380
0.004164
0.001680
0.000701
0.000649
0.001474
0.000021
0.000021
0.001969
0.098322
0.077277
0.004957
0.011141
0.006957
0.003906
0.000464
0.000392
0.000897
0.000598
0.104722
0.003885
0.003267
0.011481
0.001680
0.002340
0.050552
0.057427
0.132931
0.029651
0.014686
0.042720
0.045647
0.002649
0.005246
0.010317
0.001216
0.005957
0.050625
0.030136
0.005009
0.011935
0.008451
0.006637
0.000701
0.000845
0.001020
0.000742
0.157171
0.008616
0.007689
0.002948
0.006194
0.005524
0.002814
0.001391
0.001505
0.002185
0.000062
0.000062
0.003277
0.098116
0.060416
0.007606
0.012862
0.010646
0.006318
0.000804
0.000845
0.001247
0.001113
0.097714
0.005452
0.005163
0.012739
0.002649
0.003113
0.056108
0.043152
0.100311
0.023292
0.012986
0.031032
0.042225
0.002845
0.004308
0.008111
0.001020
0.003401
0.045451
0.028043
0.004947
0.009904
0.006328
0.005122
0.000484
0.000660
0.000855
0.000855
0.141969
0.006998
0.006740
0.002370
0.004916
0.004061
0.002267
0.001154
0.000794
0.001845
0.000021
0.000082
0.002092
0.086748
0.053593
0.006627
0.010533
0.007781
0.004329
0.000474
0.000453
0.001062
0.000721
0.087171
0.004658
0.004019
0.008194
0.002144
0.001711
0.043142
0.049532
0.219926
0.007029
0.002494
0.020056
0.014243
0.000381
0.001144
0.002927
0.000093
0.007534
0.029754
0.012378
0.000907
0.003308
0.005029
0.001391
0.000010
0.000381
0.000124
0.000206
0.185235
0.003813
0.003679
0.001175
0.002092
0.001371
0.000752
0.000268
0.000072
0.000268
0.000021
0.000000
0.000639
0.171940
0.070670
0.002865
0.003875
0.003370
0.001381
0.000113
0.000093
0.000113
0.000093
0.126448
0.003102
0.000979
0.003896
0.000958
0.000897
0.031393
0.085079
0.183957
0.034052
0.019757
0.040597
0.039772
0.003803
0.006493
0.011368
0.001824
0.010935
0.034526
0.023931
0.007050
0.012357
0.009554
0.007359
0.000979
0.001278
0.001371
0.001340
0.122305
0.009554
0.009533
0.002690
0.005586
0.005194
0.002752
0.001938
0.002164
0.002906
0.000082
0.000175
0.002556
0.111092
0.036484
0.007884
0.014315
0.009626
0.006194
0.001237
0.001154
0.001391
0.001412
0.077143
0.006060
0.006472
0.013182
0.003164
0.002886
0.052047
0.050954
0.161520
0.025518
0.010141
0.039824
0.034815
0.001649
0.004061
0.008255
0.000680
0.008049
0.035845
0.028724
0.004236
0.009636
0.007493
0.004123
0.000299
0.000711
0.000577
0.000587
0.148431
0.006895
0.006534
0.002752
0.004524
0.003442
0.002278
0.000691
0.000814
0.001175
0.000021
0.000021
0.002247
0.103104
0.044214
0.006122
0.010440
0.006967
0.005122
0.000433
0.000474
0.000711
0.000474
0.089696
0.003999
0.003999
0.009461
0.001752
0.003339
0.050851
0.055695
0.198097
0.005122
0.001927
0.016954
0.011595
0.000247
0.000948
0.002474
0.000082
0.007390
0.023045
0.009255
0.001041
0.002638
0.004669
0.001154
0.000052
0.000309
0.000206
0.000103
0.109061
0.003319
0.003370
0.000763
0.001793
0.001134
0.000536
0.000196
0.000103
0.000258
0.000010
0.000000
0.000660
0.127613
0.035144
0.002711
0.002886
0.002865
0.000969
0.000134
0.000093
0.000165
0.000062
0.083924
0.002649
0.000814
0.003154
0.001072
0.000897
0.030362
0.067207
0.426866
0.033372
0.018943
0.035464
0.045708
0.003782
0.006235
0.011234
0.002051
0.003669
0.042194
0.025652
0.006668
0.014357
0.007555
0.008338
0.000835
0.001092
0.001123
0.001072
0.134910
0.008431
0.007967
0.002577
0.006009
0.006782
0.002566
0.001773
0.001773
0.002432
0.000155
0.000010
0.003308
0.083007
0.049810
0.007936
0.013769
0.010110
0.005534
0.000886
0.000794
0.001237
0.001226
0.082409
0.005483
0.006854
0.012697
0.002597
0.002391
0.044389
0.053335
0.167498
0.021788
0.008049
0.035588
0.031475
0.001505
0.004586
0.008245
0.000773
0.005813
0.033815
0.016243
0.002917
0.009265
0.007596
0.005236
0.000227
0.000752
0.000732
0.000649
0.106516
0.005895
0.005895
0.002443
0.005813
0.004937
0.001855
0.000938
0.000660
0.001422
0.000000
0.000052
0.002886
0.138001
0.043575
0.005555
0.009688
0.009358
0.004257
0.000453
0.000526
0.000876
0.000598
0.101043
0.003370
0.003607
0.008915
0.002051
0.002350
0.050439
0.064878
0.215896
0.031661
0.018696
0.043307
0.039803
0.003751
0.006380
0.010698
0.001999
0.011151
0.033743
0.022334
0.006194
0.012244
0.009286
0.007008
0.001082
0.001422
0.001062
0.001330
0.118461
0.009080
0.008833
0.002845
0.005102
0.004926
0.002226
0.001865
0.002185
0.002958
0.000124
0.000052
0.002875
0.102981
0.034969
0.008379
0.012512
0.010018
0.005287
0.001340
0.001278
0.001340
0.001433
0.080606
0.005957
0.006390
0.012316
0.003607
0.003154
0.053758
0.057540
0.172455
0.035454
0.013120
0.049532
0.030249
0.002690
0.004906
0.012708
0.001020
0.009688
0.031517
0.024282
0.004628
0.012677
0.008863
0.005060
0.000670
0.001257
0.001309
0.000752
0.152152
0.007338
0.007750
0.002731
0.004102
0.003782
0.002649
0.001288
0.001360
0.002340
0.000041
0.000041
0.002484
0.100724
0.057416
0.007008
0.012440
0.007287
0.006421
0.000732
0.001123
0.001072
0.000711
0.101682
0.004968
0.004731
0.014047
0.001597
0.006514
0.061714
0.060611
0.110762
0.012543
0.005184
0.022117
0.017397
0.000928
0.002360
0.004535
0.000361
0.007276
0.025951
0.011306
0.001783
0.005060
0.005741
0.002340
0.000227
0.000546
0.000598
0.000515
0.096385
0.004792
0.004813
0.001525
0.002948
0.002041
0.000948
0.000763
0.000474
0.000783
0.000041
0.000031
0.001463
0.171621
0.034485
0.003659
0.006019
0.005689
0.002432
0.000361
0.000350
0.000526
0.000412
0.093468
0.003638
0.001948
0.005916
0.001402
0.001391
0.035268
0.068959
0.318681
0.047419
0.024014
0.051727
0.046997
0.004710
0.008348
0.015944
0.002711
0.007472
0.035144
0.025931
0.007987
0.017686
0.010007
0.010018
0.001103
0.001546
0.001814
0.001793
0.104681
0.009709
0.009997
0.003958
0.008266
0.007421
0.003638
0.002401
0.002309
0.003731
0.000062
0.000082
0.004009
0.068929
0.039185
0.009925
0.017778
0.012563
0.008420
0.001330
0.001433
0.001783
0.001896
0.078647
0.006421
0.008451
0.017686
0.003391
0.004298
0.062095
0.047357
0.125778
0.027167
0.014975
0.035495
0.034877
0.002803
0.004988
0.009977
0.001216
0.011543
0.033990
0.022169
0.005091
0.010914
0.008843
0.005607
0.000763
0.000989
0.001082
0.000969
0.127912
0.008307
0.008255
0.002649
0.004535
0.004473
0.002432
0.001474
0.001185
0.001917
0.000113
0.000052
0.002102
0.130395
0.039319
0.007091
0.011048
0.009090
0.004885
0.000948
0.000835
0.001103
0.001062
0.085264
0.005194
0.005215
0.010265
0.002587
0.002700
0.047873
0.054974
0.181288
0.030146
0.015387
0.046286
0.061652
0.002144
0.005854
0.010368
0.001216
0.004895
0.064260
0.040566
0.005040
0.013656
0.008358
0.007122
0.000453
0.000701
0.000732
0.000742
0.198108
0.007647
0.007482
0.002999
0.006617
0.006441
0.002669
0.001020
0.000979
0.001804
0.000021
0.000041
0.003525
0.070835
0.075349
0.007111
0.013584
0.010461
0.005998
0.000474
0.000608
0.001123
0.000773
0.088047
0.003504
0.005638
0.011790
0.002133
0.002587
0.056272
0.027033
0.057746
0.047131
0.021221
0.055170
0.060354
0.003401
0.007905
0.015047
0.002051
0.005761
0.049388
0.032578
0.007524
0.017294
0.011976
0.010729
0.000701
0.001268
0.001278
0.001422
0.126623
0.010183
0.010162
0.004349
0.008101
0.008482
0.004153
0.001938
0.001577
0.002752
0.000052
0.000052
0.004555
0.052748
0.056602
0.009812
0.015470
0.013481
0.009193
0.000876
0.000979
0.001587
0.001299
0.089727
0.004751
0.007822
0.015439
0.002927
0.004308
0.065486
0.033887
0.078431
0.034918
0.021468
0.046358
0.044152
0.003391
0.006926
0.013625
0.002278
0.007379
0.043029
0.026601
0.006235
0.018314
0.008111
0.007936
0.001041
0.001257
0.001257
0.001330
0.175290
0.007750
0.008163
0.002741
0.006411
0.006740
0.002597
0.001783
0.001515
0.003174
0.000082
0.000072
0.003020
0.109608
0.048934
0.008142
0.018428
0.009389
0.005359
0.001082
0.000845
0.001216
0.001422
0.073845
0.005349
0.006843
0.014480
0.002906
0.002824
0.055283
0.040380
0.078720
0.005906
0.002845
0.014192
0.013409
0.000557
0.001350
0.002638
0.000206
0.004401
0.029950
0.010956
0.001309
0.002865
0.003473
0.001216
0.000072
0.000340
0.000258
0.000186
0.172929
0.002937
0.003319
0.000907
0.001453
0.001123
0.000546
0.000268
0.000227
0.000361
0.000000
0.000021
0.000567
0.159768
0.084615
0.002906
0.003154
0.002783
0.001185
0.000206
0.000124
0.000144
0.000134
0.127303
0.003205
0.001072
0.002865
0.001000
0.000567
0.025271
0.080204
0.222709
0.021922
0.008472
0.057045
0.026518
0.001680
0.002937
0.009678
0.000536
0.012337
0.028373
0.023591
0.003411
0.010554
0.006885
0.003154
0.000371
0.000794
0.000546
0.000433
0.166601
0.006606
0.006019
0.001597
0.002731
0.002443
0.001670
0.000752
0.000680
0.001257
0.000021
0.000052
0.001257
0.144721
0.032558
0.004648
0.011337
0.004339
0.003772
0.000309
0.000577
0.000742
0.000319
0.071113
0.003504
0.003092
0.010409
0.001175
0.004329
0.062157
0.045853
0.184122
0.016995
0.008276
0.030898
0.025220
0.001618
0.002968
0.006957
0.000732
0.007070
0.036804
0.019572
0.003308
0.007050
0.006648
0.003339
0.000474
0.000660
0.000783
0.000515
0.149472
0.006400
0.005936
0.002247
0.003463
0.002999
0.001731
0.000691
0.000732
0.001412
0.000041
0.000041
0.001711
0.151369
0.046131
0.005607
0.007987
0.006545
0.003401
0.000721
0.000433
0.000866
0.000587
0.095952
0.004700
0.003164
0.008410
0.002329
0.001804
0.043276
0.060488
0.199468
0.020015
0.010791
0.027270
0.033001
0.001865
0.003885
0.007050
0.000814
0.003288
0.041802
0.021654
0.003741
0.009327
0.005071
0.004555
0.000412
0.000423
0.000629
0.000546
0.187111
0.005802
0.005823
0.001721
0.004432
0.003762
0.001649
0.000897
0.000763
0.001639
0.000021
0.000031
0.001824
0.122439
0.073865
0.005689
0.010038
0.006637
0.003319
0.000505
0.000330
0.000814
0.000536
0.099796
0.004772
0.003514
0.008070
0.001628
0.001340
0.038659
0.053706
0.152729
0.022622
0.009997
0.033403
0.028404
0.001701
0.004298
0.007750
0.000794
0.007761
0.032568
0.020005
0.003731
0.007297
0.006916
0.004143
0.000350
0.000855
0.000711
0.000587
0.189368
0.005833
0.005380
0.002453
0.003246
0.002865
0.002175
0.001072
0.001000
0.001680
0.000021
0.000031
0.002340
0.161077
0.067383
0.005586
0.007822
0.005792
0.004298
0.000505
0.000649
0.000763
0.000670
0.103279
0.003844
0.004030
0.008729
0.001463
0.002803
0.043369
0.055355
0.111226
0.041978
0.019489
0.052315
0.062054
0.002958
0.007050
0.013192
0.001876
0.007194
0.050851
0.040638
0.006823
0.017562
0.010389
0.008853
0.000402
0.000907
0.000804
0.000948
0.161469
0.009461
0.009080
0.004566
0.006802
0.007482
0.003793
0.001402
0.001226
0.001958
0.000010
0.000031
0.004277
0.062590
0.058911
0.008606
0.015676
0.010770
0.007884
0.000649
0.000691
0.000794
0.000742
0.082997
0.003834
0.007173
0.013707
0.002061
0.004019
0.058251
0.029404
0.073401
0.029692
0.011976
0.043915
0.032455
0.002288
0.004545
0.011327
0.000835
0.007524
0.032238
0.020674
0.004700
0.012110
0.007977
0.005050
0.000546
0.000855
0.001051
0.000732
0.187245
0.007153
0.006751
0.002401
0.004205
0.004184
0.002422
0.001144
0.000804
0.002340
0.000031
0.000052
0.002618
0.099239
0.067228
0.006648
0.012646
0.007132
0.005287
0.000484
0.000794
0.001010
0.000794
0.106681
0.004452
0.004452
0.013110
0.001628
0.004339
0.053253
0.063312
0.095673
0.019221
0.011306
0.026436
0.031280
0.002164
0.003824
0.006864
0.001113
0.003380
0.035722
0.018067
0.003803
0.010007
0.004823
0.004947
0.000350
0.000526
0.000773
0.000649
0.119728
0.004803
0.004968
0.001536
0.004287
0.004401
0.001443
0.000691
0.000845
0.001783
0.000010
0.000010
0.001938
0.138651
0.041473
0.005452
0.010409
0.006720
0.002958
0.000608
0.000402
0.000814
0.000721
0.076122
0.003669
0.003896
0.008884
0.001886
0.001134
0.035794
0.046873
0.281836
0.017500
0.008595
0.026394
0.027497
0.001639
0.003133
0.007050
0.000773
0.005267
0.034856
0.019747
0.003308
0.007451
0.005421
0.003246
0.000309
0.000608
0.000711
0.000557
0.131684
0.005720
0.004978
0.002072
0.003113
0.003009
0.001505
0.000825
0.000732
0.001371
0.000041
0.000000
0.001422
0.104671
0.044935
0.004772
0.007719
0.005906
0.003587
0.000443
0.000392
0.000649
0.000598
0.088057
0.004205
0.003525
0.007379
0.001536
0.001618
0.036907
0.067898
0.284670
0.019283
0.006946
0.044492
0.032650
0.001010
0.003236
0.007647
0.000330
0.010512
0.040329
0.022179
0.002443
0.008874
0.009265
0.004030
0.000103
0.000546
0.000515
0.000423
0.203168
0.007091
0.007348
0.002422
0.003989
0.003566
0.001659
0.000783
0.000567
0.000938
0.000041
0.000000
0.002309
0.161850
0.054118
0.004988
0.009142
0.007462
0.003432
0.000464
0.000340
0.000639
0.000299
0.092046
0.003566
0.002814
0.008760
0.001711
0.002680
0.063054
0.038999
0.094942
0.010471
0.005112
0.017067
0.025838
0.000598
0.002216
0.003494
0.000381
0.002020
0.042812
0.020530
0.001917
0.005751
0.003473
0.002711
0.000134
0.000227
0.000330
0.000216
0.174970
0.004112
0.003762
0.001453
0.002669
0.002546
0.000938
0.000258
0.000278
0.000515
0.000000
0.000010
0.001123
0.163406
0.060426
0.003731
0.005091
0.004762
0.001969
0.000155
0.000175
0.000258
0.000278
0.089675
0.002484
0.001886
0.004195
0.001144
0.000587
0.028404
0.053603
0.239838
0.014882
0.005256
0.054984
0.027528
0.000835
0.002370
0.008235
0.000216
0.013635
0.035495
0.021973
0.001917
0.008286
0.008678
0.002638
0.000134
0.000598
0.000515
0.000206
0.199901
0.006349
0.006885
0.001731
0.003071
0.002628
0.001175
0.000587
0.000402
0.000897
0.000021
0.000052
0.001463
0.146483
0.045255
0.003885
0.008729
0.005988
0.002628
0.000258
0.000278
0.000423
0.000247
0.081636
0.003576
0.002247
0.009399
0.001453
0.002711
0.065332
0.044317
0.141609
0.031414
0.016851
0.048759
0.053871
0.002597
0.005256
0.013110
0.001567
0.005174
0.057252
0.037195
0.005297
0.017428
0.008194
0.006771
0.000423
0.000825
0.000886
0.000845
0.206239
0.007678
0.008451
0.002886
0.005576
0.005431
0.002474
0.001041
0.000907
0.001969
0.000031
0.000021
0.002628
0.063312
0.058633
0.007091
0.018613
0.008771
0.005699
0.000670
0.000711
0.000866
0.000752
0.074556
0.004267
0.006081
0.015583
0.002381
0.003071
0.058468
0.033238
0.078194
0.029579
0.016212
0.037432
0.043915
0.003061
0.005143
0.011461
0.001494
0.003288
0.045142
0.023993
0.005638
0.013872
0.006462
0.007225
0.000711
0.000711
0.000989
0.000928
0.164520
0.007214
0.006854
0.002824
0.006225
0.005916
0.002484
0.001350
0.001350
0.002535
0.000062
0.000062
0.002700
0.088603
0.061817
0.007359
0.014181
0.009327
0.004906
0.000845
0.000680
0.001371
0.001175
0.087336
0.004885
0.005792
0.012790
0.002628
0.001958
0.047698
0.048986
0.136311
0.008163
0.004597
0.011254
0.014130
0.000907
0.001701
0.003071
0.000381
0.002216
0.028394
0.010409
0.001762
0.003123
0.002628
0.001659
0.000216
0.000309
0.000443
0.000361
0.110216
0.003030
0.002896
0.000938
0.002082
0.001381
0.000618
0.000402
0.000443
0.000752
0.000000
0.000021
0.000783
0.103692
0.055077
0.003473
0.004164
0.003329
0.001628
0.000247
0.000216
0.000350
0.000423
0.106289
0.003844
0.001793
0.003813
0.000928
0.000639
0.019675
0.089376
0.381756
0.037206
0.016830
0.056891
0.043462
0.003082
0.005906
0.014851
0.001608
0.008791
0.039927
0.027961
0.005936
0.017335
0.008699
0.007616
0.000557
0.001031
0.001443
0.000979
0.153708
0.007771
0.008286
0.002329
0.006452
0.006359
0.002927
0.001618
0.001463
0.002927
0.000062
0.000082
0.003216
0.072680
0.044791
0.007843
0.017284
0.010482
0.006153
0.000752
0.000794
0.001360
0.001072
0.073556
0.004298
0.006421
0.015542
0.002494
0.004329
0.068228
0.041380
0.123232
0.007585
0.003556
0.012697
0.014243
0.000649
0.001402
0.002741
0.000216
0.002123
0.030496
0.011059
0.001453
0.003721
0.002979
0.001515
0.000113
0.000165
0.000319
0.000216
0.125304
0.002824
0.002906
0.001082
0.002175
0.001319
0.000680
0.000464
0.000299
0.000587
0.000000
0.000031
0.000763
0.122233
0.065723
0.003030
0.003927
0.003401
0.001463
0.000175
0.000165
0.000371
0.000247
0.123634
0.003154
0.001556
0.003587
0.001082
0.000783
0.022952
0.107330
0.299501
0.007884
0.003978
0.010719
0.013707
0.000866
0.001567
0.002669
0.000299
0.002216
0.026487
0.010749
0.001525
0.003319
0.002669
0.001536
0.000175
0.000237
0.000237
0.000319
0.105062
0.002504
0.002659
0.000886
0.001824
0.001206
0.000691
0.000453
0.000299
0.000629
0.000010
0.000010
0.000711
0.104609
0.054778
0.002937
0.003968
0.002834
0.001330
0.000258
0.000144
0.000371
0.000196
0.105835
0.002741
0.001731
0.003679
0.000845
0.000618
0.019489
0.095199
0.390331
0.023632
0.011409
0.033207
0.033856
0.002092
0.004380
0.008224
0.000958
0.007214
0.038597
0.022344
0.004215
0.009770
0.007111
0.005607
0.000505
0.000989
0.000969
0.000783
0.136301
0.007235
0.007390
0.002741
0.004648
0.004298
0.002216
0.001288
0.001082
0.001608
0.000031
0.000062
0.002360
0.097869
0.045945
0.006905
0.010482
0.008771
0.004267
0.000804
0.000443
0.000948
0.000691
0.093952
0.004906
0.003978
0.009482
0.002731
0.002020
0.049161
0.058375
0.211145
0.038216
0.021509
0.038185
0.037999
0.004009
0.006730
0.012739
0.002020
0.005864
0.027745
0.020984
0.007142
0.013625
0.008760
0.008338
0.001309
0.001268
0.001505
0.001391
0.088686
0.008441
0.008894
0.003092
0.005617
0.006287
0.003009
0.002010
0.001979
0.003453
0.000124
0.000103
0.002824
0.088263
0.032795
0.008297
0.013604
0.009605
0.006204
0.001206
0.001391
0.001371
0.001927
0.075483
0.006648
0.007596
0.013233
0.002958
0.003380
0.045976
0.057056
0.229150
0.023828
0.011306
0.036855
0.037938
0.002309
0.004401
0.008709
0.001031
0.006060
0.040061
0.023498
0.004669
0.010028
0.007029
0.005483
0.000423
0.000752
0.000845
0.000670
0.142887
0.006699
0.006287
0.002731
0.005071
0.004318
0.002206
0.001000
0.001123
0.001938
0.000062
0.000052
0.002432
0.108690
0.050305
0.006575
0.010729
0.007812
0.004390
0.000680
0.000618
0.000866
0.000804
0.097972
0.004751
0.004720
0.010121
0.001896
0.002329
0.048192
0.061848
0.174001
0.033918
0.019747
0.037371
0.045688
0.003875
0.006050
0.011811
0.001742
0.004071
0.044544
0.027363
0.006792
0.012842
0.008111
0.006957
0.000680
0.001371
0.001237
0.001268
0.133735
0.008626
0.008719
0.003216
0.005565
0.005668
0.003030
0.002381
0.001577
0.003061
0.000010
0.000113
0.003113
0.078276
0.051614
0.009389
0.012636
0.009843
0.005885
0.001226
0.000825
0.001278
0.001165
0.086903
0.005370
0.005823
0.012275
0.002752
0.002556
0.050150
0.045039
0.162747
0.024477
0.012120
0.041596
0.032692
0.002504
0.003679
0.009832
0.001082
0.007214
0.035639
0.024529
0.004514
0.010811
0.008008
0.004638
0.000577
0.000752
0.000897
0.000701
0.148143
0.006998
0.006751
0.002401
0.004504
0.004164
0.002113
0.001288
0.001020
0.001999
0.000041
0.000072
0.001835
0.108639
0.040153
0.006586
0.011296
0.007895
0.004772
0.000742
0.000649
0.000979
0.000928
0.081708
0.005267
0.004535
0.011079
0.002154
0.002711
0.051490
0.052768
0.198056
0.014377
0.006998
0.022220
0.031929
0.001031
0.002721
0.005112
0.000453
0.002370
0.044111
0.022633
0.002412
0.007678
0.004329
0.004184
0.000196
0.000237
0.000423
0.000289
0.166148
0.004050
0.004287
0.001474
0.003628
0.003741
0.001299
0.000557
0.000361
0.000907
0.000000
0.000021
0.001525
0.152028
0.057592
0.003958
0.007060
0.006091
0.002628
0.000237
0.000186
0.000474
0.000299
0.084367
0.002711
0.002463
0.006101
0.001113
0.001000
0.033032
0.047543
0.229418
0.027003
0.013130
0.037793
0.045502
0.002288
0.004432
0.010337
0.001165
0.004370
0.051964
0.032846
0.005679
0.012512
0.007050
0.005462
0.000371
0.000670
0.001020
0.000670
0.177712
0.007297
0.006709
0.002432
0.004885
0.004648
0.002278
0.001144
0.000804
0.002370
0.000010
0.000021
0.002329
0.079472
0.063363
0.007225
0.012244
0.008472
0.004720
0.000608
0.000392
0.000938
0.000608
0.086985
0.004184
0.004545
0.011172
0.001927
0.002061
0.048501
0.040298
0.145381
0.030538
0.016573
0.035969
0.049779
0.002690
0.005483
0.009544
0.001226
0.004772
0.055623
0.037917
0.005833
0.012986
0.007884
0.006493
0.000546
0.000948
0.000742
0.000866
0.192295
0.007812
0.007998
0.003535
0.005916
0.004988
0.002721
0.001268
0.001123
0.001670
0.000052
0.000041
0.002690
0.082502
0.066465
0.008183
0.013728
0.008575
0.006050
0.000587
0.000598
0.000948
0.000814
0.086676
0.004648
0.005720
0.010863
0.002154
0.002515
0.046708
0.039988
0.093756
0.038844
0.021015
0.039411
0.044029
0.004061
0.006843
0.012976
0.002267
0.005854
0.041565
0.024251
0.007091
0.014728
0.008966
0.008544
0.000969
0.001515
0.001515
0.001474
0.118182
0.009533
0.009667
0.003308
0.007740
0.006926
0.003236
0.002309
0.001773
0.002979
0.000134
0.000072
0.003432
0.071701
0.051047
0.009781
0.014542
0.012543
0.006565
0.001257
0.001010
0.001433
0.001319
0.088758
0.006648
0.006977
0.013419
0.003669
0.002834
0.053737
0.051418
0.146133
0.051562
0.025292
0.055984
0.049687
0.004689
0.008317
0.017624
0.002453
0.008111
0.040761
0.034392
0.008544
0.020118
0.010512
0.009441
0.001237
0.002144
0.001525
0.001721
0.151121
0.010317
0.010430
0.004524
0.006957
0.008060
0.003587
0.002525
0.002133
0.003587
0.000062
0.000175
0.003679
0.053067
0.051171
0.010348
0.017912
0.011306
0.008987
0.001165
0.001185
0.001577
0.001577
0.072340
0.006060
0.008255
0.017758
0.003082
0.005411
0.063755
0.032506
0.071268
0.017531
0.008668
0.031228
0.034609
0.001381
0.003102
0.005772
0.000587
0.007627
0.049419
0.032063
0.002845
0.007998
0.006648
0.003288
0.000258
0.000484
0.000453
0.000423
0.233201
0.005741
0.005792
0.002175
0.003380
0.003267
0.001628
0.000804
0.000587
0.000948
0.000052
0.000021
0.001835
0.125716
0.076225
0.004792
0.007668
0.006246
0.003236
0.000402
0.000309
0.000618
0.000381
0.086666
0.003422
0.002556
0.006297
0.001453
0.002206
0.041390
0.039185
0.117420
0.039638
0.020839
0.041741
0.042400
0.003514
0.007008
0.013130
0.002206
0.004318
0.037175
0.024292
0.007091
0.014563
0.007874
0.008255
0.000825
0.001257
0.001752
0.001618
0.119893
0.008369
0.008111
0.003339
0.005431
0.005782
0.003061
0.002309
0.001989
0.003710
0.000134
0.000124
0.003133
0.068114
0.051047
0.008214
0.014594
0.009492
0.006565
0.001257
0.001031
0.001587
0.001247
0.081636
0.005225
0.007111
0.013697
0.002680
0.003061
0.048718
0.047316
0.182525
0.024240
0.013728
0.030435
0.040669
0.002401
0.004885
0.009564
0.001319
0.003267
0.056499
0.032444
0.004411
0.012605
0.006081
0.006143
0.000484
0.000618
0.001113
0.000825
0.244723
0.006658
0.006967
0.002267
0.004968
0.004957
0.001659
0.000835
0.000948
0.001907
0.000031
0.000062
0.002443
0.096622
0.086965
0.006740
0.012337
0.007956
0.004112
0.000629
0.000515
0.001123
0.000670
0.087336
0.004597
0.004957
0.010378
0.002154
0.001680
0.041071
0.033949
0.066053
0.031424
0.017387
0.029837
0.030496
0.003916
0.005163
0.010131
0.001731
0.004308
0.025900
0.018747
0.006019
0.010110
0.006225
0.005813
0.000948
0.001371
0.001608
0.001515
0.084553
0.007111
0.007390
0.002504
0.004184
0.004112
0.002216
0.002113
0.002041
0.002855
0.000165
0.000103
0.002092
0.074154
0.033918
0.007379
0.010657
0.007627
0.005411
0.001247
0.001072
0.001556
0.001433
0.075154
0.005699
0.005215
0.011687
0.002175
0.002906
0.038576
0.062240
0.317805
0.035804
0.017830
0.036660
0.034918
0.003803
0.005844
0.012182
0.001556
0.005401
0.031249
0.022396
0.006400
0.012038
0.008060
0.006957
0.000969
0.001525
0.001453
0.001505
0.115245
0.007513
0.007122
0.003246
0.004731
0.004865
0.002865
0.002041
0.001773
0.002803
0.000113
0.000103
0.002803
0.068042
0.041947
0.008111
0.013089
0.007771
0.006452
0.001031
0.000979
0.001391
0.001402
0.074659
0.005607
0.005823
0.013254
0.002133
0.003329
0.045863
0.049151
0.248196
0.024003
0.010997
0.034145
0.029043
0.002072
0.004638
0.008111
0.000897
0.007709
0.033392
0.017634
0.003824
0.009039
0.008152
0.004834
0.000526
0.001175
0.000866
0.000721
0.121027
0.007173
0.006833
0.002494
0.005782
0.004741
0.002319
0.001247
0.001010
0.001639
0.000031
0.000041
0.002216
0.128551
0.042400
0.005936
0.010110
0.010286
0.004514
0.000732
0.000536
0.000897
0.000701
0.112349
0.004978
0.003834
0.010007
0.002762
0.003102
0.050882
0.073793
0.175300
0.044585
0.021458
0.052696
0.043998
0.004720
0.006926
0.016232
0.002113
0.009255
0.036804
0.036206
0.007060
0.017005
0.008997
0.007678
0.001020
0.001525
0.001494
0.001185
0.179010
0.009678
0.009317
0.003834
0.005297
0.005349
0.003360
0.001845
0.001783
0.003133
0.000062
0.000072
0.002587
0.071052
0.045791
0.009533
0.017912
0.009698
0.007864
0.001412
0.001144
0.001690
0.001247
0.070464
0.005741
0.007431
0.016789
0.002814
0.004968
0.060539
0.035835
0.081791
0.040071
0.018026
0.048141
0.050996
0.002999
0.007245
0.012574
0.001453
0.006266
0.041607
0.029672
0.006709
0.014326
0.010296
0.008616
0.000567
0.001443
0.000969
0.001288
0.130962
0.008657
0.008709
0.003782
0.006514
0.006462
0.003288
0.001886
0.001422
0.002360
0.000082
0.000041
0.003978
0.067620
0.051985
0.008194
0.014614
0.010832
0.007616
0.000969
0.000814
0.001051
0.001031
0.086717
0.004226
0.006575
0.013687
0.002494
0.003535
0.060106
0.040658
0.135868
0.041266
0.019128
0.049326
0.052882
0.003329
0.007101
0.013182
0.001979
0.006946
0.043348
0.031702
0.006802
0.013934
0.011564
0.008431
0.000763
0.001381
0.001391
0.001247
0.117976
0.009317
0.009770
0.004102
0.006493
0.006627
0.003710
0.001824
0.001855
0.002845
0.000165
0.000093
0.003545
0.066579
0.046945
0.009255
0.014583
0.011512
0.008441
0.001062
0.001206
0.001525
0.001577
0.084996
0.005988
0.007153
0.014893
0.003205
0.004143
0.061271
0.046584
0.125057
0.039432
0.018459
0.041751
0.039061
0.003916
0.006184
0.013883
0.001814
0.006606
0.032300
0.025271
0.006885
0.013470
0.008997
0.007245
0.000794
0.001330
0.001597
0.001639
0.130385
0.008461
0.008327
0.003092
0.006307
0.005998
0.003391
0.002195
0.001670
0.003484
0.000041
0.000062
0.003123
0.139290
0.036175
0.008709
0.014666
0.011090
0.006864
0.001051
0.001288
0.001556
0.001515
0.082389
0.006246
0.006627
0.015284
0.002793
0.004576
0.053820
0.048471
0.110422
0.015882
0.008039
0.025704
0.039865
0.001206
0.002937
0.005349
0.000557
0.002783
0.054108
0.030795
0.003185
0.007905
0.004576
0.003824
0.000247
0.000381
0.000350
0.000495
0.201694
0.005390
0.005401
0.001752
0.003442
0.003545
0.001628
0.000443
0.000546
0.000886
0.000052
0.000021
0.001402
0.113349
0.073268
0.004968
0.008132
0.005658
0.003257
0.000289
0.000289
0.000433
0.000299
0.100713
0.003298
0.002834
0.006029
0.001443
0.001206
0.037010
0.052387
0.150750
0.035516
0.013975
0.049357
0.037474
0.002556
0.006545
0.011801
0.001031
0.009636
0.035701
0.021087
0.005143
0.012316
0.011048
0.006369
0.000443
0.001350
0.001216
0.001257
0.106289
0.009338
0.008379
0.004040
0.006627
0.005864
0.002927
0.001793
0.001257
0.002577
0.000021
0.000082
0.003226
0.075030
0.047368
0.008348
0.012491
0.011224
0.007153
0.000897
0.000855
0.001463
0.000732
0.099136
0.005071
0.004937
0.012615
0.002886
0.004494
0.068753
0.054026
0.166282
0.041957
0.020417
0.045801
0.046481
0.004246
0.006483
0.013604
0.001680
0.007719
0.040359
0.035258
0.007328
0.014882
0.009080
0.007235
0.000721
0.001463
0.001226
0.001237
0.156027
0.009234
0.009605
0.003989
0.005493
0.005236
0.003401
0.001628
0.001742
0.002669
0.000093
0.000113
0.002948
0.062848
0.047718
0.009575
0.016098
0.008699
0.007822
0.000866
0.001010
0.001288
0.001134
0.070557
0.005813
0.007050
0.013676
0.002247
0.004916
0.054964
0.038309
0.136054
0.053572
0.023107
0.052253
0.044513
0.004432
0.009307
0.017108
0.002113
0.012182
0.028600
0.028950
0.008090
0.016387
0.012986
0.009193
0.001113
0.002123
0.001948
0.001670
0.101909
0.010358
0.011069
0.005328
0.005895
0.006751
0.004803
0.002597
0.001999
0.003762
0.000072
0.000144
0.004205
0.080966
0.042544
0.010667
0.014944
0.011234
0.009585
0.001134
0.001494
0.001835
0.001443
0.083028
0.006678
0.007987
0.015305
0.002360
0.005225
0.063724
0.040246
0.111061
0.024385
0.013769
0.030156
0.040761
0.001865
0.005060
0.007390
0.001185
0.003741
0.038535
0.030074
0.004483
0.010090
0.005957
0.005607
0.000453
0.000763
0.000835
0.000587
0.181731
0.006596
0.006039
0.002556
0.004421
0.004050
0.002175
0.001010
0.000825
0.001494
0.000041
0.000031
0.002391
0.195232
0.044966
0.006400
0.010914
0.006833
0.004782
0.000443
0.000515
0.000763
0.000587
0.089263
0.003927
0.004823
0.008420
0.001752
0.001979
0.037762
0.045739
0.095838
0.027868
0.015099
0.032331
0.035639
0.002865
0.005648
0.009399
0.001278
0.004504
0.032238
0.027487
0.005462
0.010997
0.006575
0.005761
0.000763
0.000938
0.001031
0.001020
0.149998
0.006545
0.006751
0.002422
0.004236
0.004236
0.002350
0.001082
0.001288
0.002092
0.000052
0.000052
0.002288
0.216886
0.034990
0.006493
0.011388
0.005833
0.004628
0.000660
0.000794
0.000783
0.001092
0.079802
0.005050
0.004875
0.011306
0.001855
0.002845
0.038690
0.047059
0.114678
0.012048
0.005668
0.023931
0.033702
0.000783
0.002463
0.003504
0.000340
0.004123
0.058385
0.032712
0.001886
0.005844
0.005699
0.002917
0.000144
0.000423
0.000175
0.000237
0.235293
0.005102
0.005236
0.001824
0.003236
0.003061
0.001278
0.000443
0.000206
0.000484
0.000000
0.000010
0.001680
0.123356
0.074576
0.004576
0.006194
0.005782
0.002453
0.000289
0.000124
0.000371
0.000278
0.092994
0.002999
0.002288
0.005926
0.001443
0.001381
0.038226
0.040607
0.143299
0.019901
0.009111
0.033413
0.045976
0.001484
0.003216
0.006101
0.000691
0.004762
0.062776
0.042410
0.003484
0.008894
0.006648
0.004143
0.000186
0.000495
0.000453
0.000247
0.252474
0.005287
0.006441
0.002504
0.003834
0.003927
0.001948
0.000639
0.000474
0.000845
0.000010
0.000041
0.001938
0.095385
0.082914
0.006194
0.008699
0.006441
0.004246
0.000268
0.000268
0.000495
0.000340
0.083450
0.002886
0.003494
0.007575
0.001330
0.002051
0.041287
0.025158
0.092767
0.013646
0.007235
0.014810
0.016542
0.001701
0.001958
0.004473
0.000649
0.002329
0.025333
0.011090
0.002721
0.004195
0.003793
0.002298
0.000299
0.000536
0.000577
0.000618
0.170755
0.003834
0.003906
0.001402
0.001855
0.001773
0.001000
0.000742
0.000886
0.001330
0.000072
0.000041
0.001000
0.201097
0.075514
0.004040
0.005370
0.003628
0.002556
0.000495
0.000557
0.000691
0.000495
0.132395
0.003896
0.002659
0.005225
0.001092
0.001587
0.022427
0.068856
0.164025
0.028497
0.011770
0.036051
0.028332
0.002195
0.005029
0.009925
0.001000
0.006194
0.032877
0.015830
0.003989
0.009667
0.007884
0.005534
0.000484
0.001134
0.001196
0.001092
0.144433
0.005906
0.006091
0.002669
0.005215
0.004803
0.002370
0.001567
0.001319
0.002288
0.000062
0.000082
0.002649
0.101703
0.064816
0.006843
0.010811
0.008585
0.005318
0.000464
0.000711
0.001082
0.000886
0.120316
0.005060
0.004390
0.011193
0.002247
0.002917
0.050965
0.082687
0.130869
0.020365
0.009255
0.028940
0.023066
0.001783
0.003679
0.007287
0.000587
0.006307
0.029930
0.014367
0.003164
0.006400
0.006122
0.003751
0.000618
0.001000
0.001010
0.000608
0.105042
0.005504
0.005277
0.002154
0.003762
0.003061
0.001814
0.001185
0.000814
0.001525
0.000052
0.000093
0.002113
0.081193
0.059241
0.005576
0.007472
0.005967
0.003597
0.000701
0.000773
0.000928
0.000732
0.107546
0.004700
0.003246
0.008194
0.001659
0.002566
0.042256
0.079431
0.283588
0.057581
0.029734
0.053634
0.049429
0.006318
0.009049
0.019283
0.002896
0.008791
0.034042
0.037515
0.010007
0.019829
0.011667
0.009471
0.001247
0.002690
0.001999
0.002082
0.140392
0.012584
0.011935
0.004421
0.006359
0.006709
0.004205
0.002814
0.002515
0.003927
0.000155
0.000175
0.003710
0.052016
0.043967
0.011378
0.019850
0.010677
0.009502
0.001690
0.001567
0.001917
0.001742
0.067104
0.007194
0.009276
0.018170
0.002783
0.006514
0.061601
0.035722
0.070165
0.030167
0.013275
0.040566
0.047244
0.002278
0.005885
0.008400
0.000897
0.006349
0.044379
0.028311
0.004926
0.010605
0.009585
0.006462
0.000474
0.001010
0.000845
0.000701
0.118461
0.007761
0.007719
0.003277
0.005576
0.005122
0.003164
0.001154
0.000783
0.001567
0.000021
0.000041
0.003504
0.083883
0.052006
0.007585
0.010987
0.008966
0.007060
0.000505
0.000453
0.000907
0.000629
0.095426
0.004360
0.005009
0.010203
0.001979
0.002979
0.054459
0.043554
0.188544
0.037845
0.017954
0.040401
0.044286
0.002886
0.007080
0.011832
0.001742
0.006380
0.035423
0.025529
0.006328
0.013491
0.009626
0.008204
0.000773
0.001268
0.000886
0.001433
0.112143
0.008513
0.008595
0.003453
0.006277
0.006946
0.003350
0.001525
0.001226
0.002195
0.000031
0.000072
0.003267
0.092355
0.049305
0.007956
0.012234
0.010131
0.006658
0.000876
0.000742
0.001092
0.001051
0.092849
0.004751
0.006277
0.011131
0.002123
0.003030
0.051181
0.050140
0.165159
