0.025120
0.003516
0.006765
0.019705
0.067384
0.091238
0.146610
0.451603
0.010422
0.048326
0.002124
0.000070
0.004923
0.000591
0.001097
0.000000
0.007623
0.000225
0.000506
0.000000
0.045654
0.015837
0.002489
0.000000
0.004191
0.001646
0.000000
0.000000
0.003755
0.010084
0.000000
0.000000
0.000042
0.028453
0.000000
0.000000
0.111475
0.007849
0.009595
0.013559
0.015586
0.013750
0.012477
0.032106
0.033322
0.039459
0.011419
0.081678
0.007680
0.002624
0.000732
0.000023
0.008412
0.004099
0.011036
0.011115
0.202827
0.045991
0.212793
0.087770
0.006543
0.000045
0.000000
0.000000
0.007218
0.000000
0.000000
0.000000
0.000011
0.008806
0.000000
0.000000
0.149801
0.049052
0.044709
0.043379
0.022599
0.026529
0.036070
0.043410
0.005550
0.000260
0.003899
0.000000
0.024924
0.009052
0.005092
0.005015
0.114021
0.033502
0.009067
0.001483
0.326758
0.001651
0.000612
0.000000
0.002064
0.000000
0.000000
0.000000
0.027722
0.000000
0.013379
0.000000
0.000398
0.000000
0.000000
0.000000
0.864022
0.000091
0.000018
0.000091
0.000127
0.000127
0.000199
0.002301
0.000000
0.000000
0.000018
0.000000
0.000435
0.001558
0.001159
0.009801
0.010960
0.048062
0.008623
0.025870
0.009656
0.000000
0.015054
0.000000
0.001087
0.000000
0.000725
0.000000
0.000000
0.000000
0.000000
0.000000
0.000018
0.000000
0.000000
0.000000
0.213105
0.002293
0.001567
0.000741
0.000940
0.001638
0.004758
0.003362
0.003618
0.002407
0.000000
0.000000
0.006980
0.035342
0.000313
0.000114
0.006595
0.035285
0.000328
0.000000
0.284744
0.085897
0.090897
0.000000
0.040883
0.002764
0.093419
0.000000
0.048305
0.000000
0.033704
0.000000
0.000000
0.000000
0.000000
0.000000
0.102789
0.005340
0.004172
0.063651
0.219195
0.157245
0.026202
0.000000
0.010181
0.001599
0.000045
0.000000
0.014909
0.003163
0.005079
0.000079
0.062109
0.006009
0.004410
0.000034
0.220816
0.000079
0.085850
0.000000
0.000068
0.000000
0.000000
0.000000
0.000011
0.000000
0.000000
0.000000
0.004683
0.002279
0.000000
0.000000
0.439246
0.000041
0.000014
0.000041
0.000000
0.000000
0.000178
0.002030
0.003457
0.030082
0.019506
0.028615
0.003429
0.000233
0.019849
0.000000
0.006269
0.000014
0.078957
0.001015
0.025446
0.003128
0.322908
0.012771
0.000000
0.000000
0.000000
0.000000
0.000000
0.000000
0.000000
0.000000
0.000000
0.002730
0.000000
0.000041
0.250277
0.079811
0.030349
0.016681
0.021033
0.033741
0.089738
0.115939
0.005808
0.004032
0.000000
0.000000
0.003173
0.008297
0.000044
0.000044
0.008035
0.000728
0.000058
0.000000
0.218646
0.000000
0.005080
0.000000
0.041863
0.000000
0.000000
0.000000
0.037627
0.003421
0.000408
0.000000
0.023916
0.000451
0.000801
0.000000
0.324400
0.006000
0.003600
0.004100
0.007100
0.283317
0.026400
0.019650
0.034967
0.082633
0.053633
0.048700
0.047300
0.015100
0.029500
0.004133
0.003183
0.000200
0.003817
0.000000
0.000000
0.000000
0.000000
0.000000
0.000000
0.000000
0.000000
0.000000
0.000683
0.000000
0.000000
0.000000
0.000917
0.000667
0.000000
0.000000
0.012548
0.065081
0.149022
0.126756
0.076356
0.031867
0.044222
0.000726
0.005852
0.003304
0.000000
0.000000
0.025793
0.001037
0.000030
0.000000
0.019704
0.000000
0.006133
0.000000
0.217467
0.000281
0.082696
0.000000
0.004741
0.000000
0.000000
0.000000
0.000326
0.000000
0.000000
0.000000
0.015259
0.110504
0.000267
0.000030
0.011600
0.003852
0.010474
0.013556
0.026533
0.009570
0.016044
0.000933
0.007585
0.024074
0.000193
0.000015
0.040326
0.003037
0.003556
0.000044
0.191348
0.004815
0.027644
0.000000
0.466326
0.002963
0.092356
0.000000
0.000311
0.000030
0.000000
0.000000
0.000133
0.000000
0.000000
0.000000
0.001126
0.041556
0.000000
0.000000
0.461954
0.005862
0.000046
0.000034
0.000000
0.000000
0.000046
0.006356
0.047356
0.021655
0.007609
0.002092
0.000115
0.009345
0.000678
0.011540
0.000000
0.004816
0.000000
0.000586
0.003310
0.000000
0.000000
0.000000
0.002862
0.000000
0.000000
0.000000
0.200425
0.002483
0.000218
0.000000
0.091448
0.114023
0.004931
0.000207
0.562031
0.013906
0.001510
0.000703
0.000521
0.001901
0.002656
0.084336
0.024258
0.080703
0.004284
0.003542
0.003672
0.006419
0.000052
0.000000
0.002852
0.008164
0.000091
0.000000
0.040221
0.000169
0.000000
0.000000
0.000247
0.000000
0.000000
0.000000
0.001263
0.000000
0.000000
0.000000
0.011745
0.142982
0.001563
0.000208
0.036069
0.223522
0.131399
0.051462
0.039009
0.022374
0.011525
0.008491
0.109308
0.018774
0.009009
0.014481
0.037704
0.005330
0.000173
0.000189
0.010173
0.002909
0.000000
0.000000
0.055472
0.000865
0.000000
0.000000
0.039623
0.000000
0.000000
0.000000
0.102343
0.016651
0.011274
0.000000
0.022720
0.010660
0.000142
0.008349
0.104025
0.005624
0.004830
0.062449
0.222460
0.154751
0.025091
0.000011
0.009898
0.001576
0.000000
0.000000
0.015147
0.003379
0.004739
0.000000
0.065329
0.006270
0.003571
0.000000
0.221882
0.000079
0.083027
0.000000
0.000023
0.000000
0.000000
0.000000
0.000000
0.000000
0.000000
0.000000
0.004116
0.001723
0.000000
0.000000
0.346739
0.002306
0.000270
0.000054
0.000000
0.000000
0.000000
0.000000
0.007171
0.083441
0.208667
0.325477
0.000541
0.001171
0.009838
0.010613
0.000054
0.000000
0.000000
0.000000
0.002072
0.000000
0.000036
0.000000
0.000811
0.000000
0.000000
0.000000
0.000631
0.000000
0.000000
0.000000
0.000108
0.000000
0.000000
0.000000
0.000074
0.100919
0.157541
0.014919
0.000193
0.000311
0.001600
0.020622
0.017748
0.136252
0.001037
0.011689
0.008089
0.003304
0.000030
0.000000
0.187185
0.000059
0.000163
0.000000
0.011541
0.030578
0.000889
0.000089
0.000089
0.000000
0.000000
0.000000
0.041037
0.000000
0.000000
0.000000
0.012948
0.234207
0.000207
0.006681
0.367772
0.011457
0.009749
0.015226
0.030318
0.054774
0.054238
0.045712
0.009079
0.024054
0.012697
0.001541
0.006064
0.004405
0.001122
0.000000
0.050938
0.046985
0.001290
0.000000
0.141960
0.102194
0.006281
0.000000
0.000771
0.000000
0.000000
0.000000
0.000151
0.000000
0.000000
0.000000
0.000168
0.001022
0.000017
0.000017
0.627519
0.003721
0.001132
0.000620
0.000558
0.001860
0.014961
0.059953
0.057116
0.141194
0.000884
0.001457
0.007364
0.000047
0.000062
0.000000
0.000884
0.000000
0.000000
0.000000
0.024992
0.000000
0.000031
0.000000
0.007349
0.000000
0.002868
0.000000
0.003318
0.000000
0.000000
0.000000
0.020434
0.021566
0.000109
0.000000
0.117708
0.000327
0.000238
0.000268
0.001399
0.017902
0.132887
0.199420
0.000000
0.000000
0.000000
0.000000
0.001429
0.000074
0.002842
0.000000
0.015149
0.001518
0.008185
0.000000
0.334420
0.127128
0.037366
0.000000
0.001607
0.000000
0.000000
0.000000
0.000134
0.000000
0.000000
0.000000
0.000000
0.000000
0.000000
0.000000
0.024549
0.002418
0.024891
0.008921
0.001339
0.001434
0.002186
0.000779
0.003443
0.000123
0.001598
0.000000
0.024112
0.450888
0.017486
0.008757
0.031749
0.191667
0.018661
0.045355
0.075505
0.000068
0.000396
0.000000
0.063456
0.000000
0.000000
0.000000
0.000014
0.000000
0.000000
0.000000
0.000205
0.000000
0.000000
0.000000
0.307111
0.000694
0.000486
0.001403
0.015847
0.136722
0.071611
0.006486
0.000000
0.000000
0.000000
0.000000
0.000000
0.000125
0.000069
0.000389
0.009986
0.097653
0.001625
0.004319
0.219014
0.085250
0.041139
0.000069
0.000000
0.000000
0.000000
0.000000
0.000000
0.000000
0.000000
0.000000
0.000000
0.000000
0.000000
0.000000
0.089136
0.012132
0.001201
0.001459
0.002144
0.004287
0.006902
0.000101
0.056004
0.057015
0.315432
0.016891
0.008833
0.007621
0.012716
0.008002
0.006038
0.002873
0.000864
0.001515
0.177688
0.009349
0.018575
0.000000
0.071066
0.001336
0.038215
0.000090
0.026891
0.000999
0.012177
0.000191
0.009080
0.017654
0.005286
0.000236
0.000052
0.003294
0.003856
0.001804
0.004183
0.008850
0.009608
0.608405
0.019046
0.064366
0.000301
0.000222
0.007647
0.109490
0.000013
0.002248
0.027373
0.062000
0.010667
0.015686
0.035229
0.000980
0.004614
0.000000
0.000000
0.000000
0.000000
0.000000
0.000000
0.000000
0.000000
0.000000
0.000065
0.000000
0.000000
0.000000
0.523183
0.055896
0.002194
0.002630
0.006600
0.020620
0.090519
0.172948
0.000519
0.000000
0.000000
0.000000
0.000201
0.002479
0.000000
0.000017
0.000000
0.011491
0.000168
0.000385
0.004255
0.000335
0.000084
0.000000
0.002379
0.001206
0.000285
0.000000
0.047672
0.008342
0.025611
0.019062
0.000921
0.000000
0.000000
0.000000
0.303485
0.004470
0.013212
0.015894
0.013939
0.027303
0.106121
0.083318
0.008348
0.000045
0.000591
0.000000
0.240303
0.003833
0.036818
0.002576
0.070561
0.012242
0.011242
0.005227
0.014864
0.002167
0.021894
0.000000
0.000030
0.000061
0.000000
0.000000
0.000182
0.000985
0.000000
0.000000
0.000288
0.000000
0.000000
0.000000
0.334250
0.048752
0.010000
0.009416
0.006282
0.010890
0.018977
0.008406
0.012855
0.041049
0.000040
0.000027
0.015325
0.013453
0.000438
0.003108
0.009681
0.000013
0.001062
0.000000
0.363108
0.000000
0.050598
0.000000
0.024993
0.000000
0.000040
0.000000
0.015392
0.000544
0.000040
0.000000
0.000186
0.001076
0.000000
0.000000
0.312644
0.001412
0.001297
0.002102
0.003103
0.004745
0.008046
0.021297
0.047406
0.019392
0.032709
0.000000
0.002742
0.000164
0.000033
0.000000
0.002003
0.000000
0.000000
0.000000
0.369540
0.004335
0.142906
0.000000
0.000033
0.000000
0.000000
0.000000
0.000033
0.000000
0.000000
0.000000
0.003218
0.020722
0.000115
0.000000
0.352174
0.000290
0.000333
0.000246
0.000217
0.000420
0.000870
0.005449
0.035522
0.229594
0.130188
0.010667
0.006014
0.000000
0.016087
0.000000
0.009232
0.000101
0.007087
0.000000
0.074783
0.008290
0.103275
0.000000
0.002739
0.000188
0.000797
0.000000
0.000029
0.000000
0.000000
0.000000
0.000116
0.005188
0.000101
0.000000
0.025285
0.003528
0.031675
0.097675
0.144829
0.143171
0.124260
0.046065
0.022634
0.000683
0.000000
0.000000
0.009220
0.002374
0.001220
0.008325
0.040894
0.061431
0.014244
0.037902
0.168764
0.010098
0.005187
0.000000
0.000537
0.000000
0.000000
0.000000
0.000000
0.000000
0.000000
0.000000
0.000000
0.000000
0.000000
0.000000
0.362929
0.000690
0.001128
0.009916
0.009630
0.000892
0.002391
0.021044
0.031465
0.124444
0.000926
0.000034
0.010976
0.046616
0.000421
0.000017
0.023114
0.012677
0.003535
0.000000
0.309007
0.003636
0.019747
0.000000
0.004209
0.000135
0.000421
0.000000
0.000000
0.000000
0.000000
0.000000
0.000000
0.000000
0.000000
0.000000
0.091512
0.001439
0.004080
0.005647
0.030984
0.067359
0.027395
0.393133
0.000273
0.002514
0.000000
0.000000
0.005592
0.005610
0.000000
0.000000
0.096230
0.003643
0.019089
0.000000
0.079672
0.000419
0.165410
0.000000
0.000000
0.000000
0.000000
0.000000
0.000000
0.000000
0.000000
0.000000
0.000000
0.000000
0.000000
0.000000
0.083760
0.012233
0.001796
0.002357
0.002637
0.003726
0.005724
0.000135
0.062054
0.062323
0.313928
0.016633
0.011089
0.008788
0.012020
0.006611
0.007239
0.002256
0.000572
0.001055
0.176902
0.008900
0.017239
0.000000
0.070247
0.001684
0.037464
0.000000
0.028440
0.000359
0.011538
0.000000
0.008866
0.015769
0.005578
0.000079
0.009579
0.000000
0.000047
0.000452
0.000685
0.003832
0.005654
0.050000
0.000748
0.034330
0.000109
0.013614
0.000000
0.000000
0.000000
0.000000
0.000000
0.000000
0.000000
0.000000
0.010545
0.000000
0.010234
0.000000
0.004486
0.000000
0.003162
0.000000
0.009019
0.327850
0.203505
0.165405
0.002352
0.120530
0.000530
0.023333
0.000533
0.000000
0.000000
0.000000
0.000000
0.000000
0.000000
0.000000
0.000014
0.000000
0.000027
0.000000
0.000150
0.696858
0.166749
0.135109
0.000000
0.000464
0.000096
0.000000
0.000000
0.000000
0.000000
0.000000
0.000000
0.000000
0.000000
0.000000
0.000000
0.000000
0.000000
0.000000
0.000000
0.000000
0.000000
0.000000
0.608056
0.004102
0.006339
0.016316
0.050972
0.061345
0.045356
0.041944
0.000169
0.000000
0.000000
0.000000
0.014328
0.004023
0.006102
0.017944
0.068497
0.040475
0.004362
0.008237
0.001412
0.000023
0.000000
0.000000
0.000000
0.000000
0.000000
0.000000
0.000000
0.000000
0.000000
0.000000
0.000000
0.000000
0.000000
0.000000
0.000094
0.300268
0.009719
0.005007
0.005622
0.008782
0.016091
0.016801
0.014391
0.071459
0.000000
0.000000
0.002758
0.050924
0.000000
0.020187
0.016131
0.002262
0.000000
0.000013
0.176372
0.000000
0.000000
0.000000
0.041432
0.000000
0.000000
0.000000
0.003226
0.000013
0.000000
0.000000
0.098728
0.139719
0.000000
0.000000
0.008760
0.040915
0.026589
0.040062
0.050574
0.060372
0.075566
0.423442
0.011194
0.006822
0.000031
0.000000
0.054233
0.104109
0.000946
0.007922
0.044760
0.037116
0.000109
0.000419
0.006031
0.000000
0.000000
0.000000
0.000000
0.000000
0.000000
0.000000
0.000016
0.000000
0.000000
0.000000
0.000016
0.000000
0.000000
0.000000
0.002046
0.002275
0.011330
0.049027
0.021173
0.013491
0.012818
0.198011
0.000114
0.000000
0.000000
0.000000
0.001431
0.000715
0.000787
0.000215
0.006910
0.010558
0.005508
0.022775
0.002589
0.000272
0.000043
0.000000
0.000529
0.020701
0.000000
0.000000
0.072861
0.507067
0.013147
0.023548
0.000057
0.000000
0.000000
0.000000
0.552749
0.029898
0.006827
0.008348
0.009883
0.027822
0.058567
0.038991
0.017032
0.000015
0.000000
0.000000
0.033772
0.020526
0.001199
0.011623
0.057909
0.053611
0.000702
0.022544
0.035161
0.001243
0.000073
0.000000
0.000000
0.000000
0.000000
0.000000
0.008904
0.000000
0.000000
0.000000
0.002602
0.000000
0.000000
0.000000
0.000000
0.565173
0.028907
0.015707
0.009800
0.006147
0.007933
0.023413
0.054547
0.160693
0.000000
0.000080
0.006507
0.000453
0.000000
0.000000
0.012787
0.000427
0.000000
0.000000
0.100840
0.000000
0.000000
0.000000
0.000827
0.000000
0.000000
0.000000
0.005760
0.000000
0.000000
0.000000
0.000000
0.000000
0.000000
0.000000
0.457273
0.001448
0.007273
0.006835
0.003569
0.002104
0.001768
0.002694
0.000000
0.000000
0.000000
0.000000
0.000101
0.000000
0.001667
0.000202
0.054596
0.004057
0.139815
0.009781
0.210926
0.000051
0.095842
0.000000
0.000000
0.000000
0.000000
0.000000
0.000000
0.000000
0.000000
0.000000
0.000000
0.000000
0.000000
0.000000
0.519641
0.000478
0.000027
0.000040
0.000199
0.005777
0.006175
0.001713
0.076919
0.028818
0.015564
0.000173
0.004781
0.002643
0.003293
0.003997
0.000199
0.004834
0.000239
0.001036
0.000930
0.000000
0.043121
0.000000
0.000000
0.000000
0.000000
0.000000
0.000000
0.000000
0.000000
0.000000
0.111780
0.165843
0.001740
0.000040
0.000043
0.006083
0.000028
0.000000
0.000000
0.000000
0.000000
0.000456
0.224145
0.000000
0.000185
0.000000
0.042521
0.072194
0.019330
0.021325
0.007835
0.027279
0.002678
0.013746
0.000000
0.000000
0.000000
0.000000
0.000000
0.000000
0.000000
0.000000
0.000000
0.000000
0.000000
0.000000
0.562151
0.000000
0.000000
0.000000
0.024125
0.042327
0.033861
0.053498
0.059125
0.052343
0.077838
0.346089
0.000297
0.000248
0.003449
0.000545
0.050644
0.017558
0.013416
0.048795
0.130429
0.035182
0.000941
0.001205
0.008086
0.000000
0.000000
0.000000
0.000000
0.000000
0.000000
0.000000
0.000000
0.000000
0.000000
0.000000
0.000000
0.000000
0.000000
0.000000
0.331027
0.028835
0.041926
0.033206
0.038039
0.041027
0.017232
0.017416
0.009146
0.001488
0.000046
0.000000
0.010784
0.017001
0.000046
0.000381
0.003783
0.019965
0.000000
0.000046
0.138155
0.002537
0.000092
0.000000
0.095502
0.000000
0.000058
0.000000
0.141084
0.000819
0.001765
0.000000
0.005744
0.002849
0.000000
0.000000
0.667645
0.013309
0.017258
0.028007
0.034952
0.036027
0.011957
0.001014
0.019130
0.013249
0.000072
0.000000
0.018889
0.021498
0.001341
0.018527
0.012572
0.000242
0.000833
0.022536
0.005036
0.000000
0.000616
0.000000
0.000000
0.000000
0.000000
0.000000
0.000435
0.000000
0.000000
0.000000
0.046171
0.008671
0.000012
0.000000
0.057169
0.001071
0.003148
0.014947
0.137989
0.085146
0.076243
0.012011
0.014272
0.018849
0.000106
0.000000
0.002526
0.001574
0.000212
0.000000
0.018386
0.002077
0.006257
0.000000
0.337698
0.144193
0.018108
0.000000
0.000106
0.000000
0.000000
0.000000
0.000000
0.000000
0.000000
0.000000
0.001587
0.046323
0.000000
0.000000
0.555126
0.019045
0.009196
0.021055
0.031558
0.028928
0.014238
0.003685
0.000000
0.000000
0.000000
0.000000
0.031323
0.036683
0.000486
0.000888
0.022111
0.005293
0.005578
0.036131
0.047889
0.035427
0.000921
0.000369
0.000804
0.000034
0.000000
0.000000
0.016918
0.076315
0.000000
0.000000
0.000000
0.000000
0.000000
0.000000
0.045408
0.082466
0.374218
0.198895
0.085986
0.033588
0.089235
0.090204
0.000000
0.000000
0.000000
0.000000
0.000000
0.000000
0.000000
0.000000
0.000000
0.000000
0.000000
0.000000
0.000000
0.000000
0.000000
0.000000
0.000000
0.000000
0.000000
0.000000
0.000000
0.000000
0.000000
0.000000
0.000000
0.000000
0.000000
0.000000
0.031573
0.004308
0.084598
0.075915
0.021333
0.003744
0.002103
0.002991
0.012821
0.022769
0.000000
0.000000
0.016769
0.004291
0.000000
0.000000
0.046513
0.000821
0.004034
0.000000
0.297009
0.001966
0.241265
0.000598
0.000393
0.000000
0.000000
0.000000
0.000274
0.000000
0.000000
0.000000
0.000410
0.122957
0.000085
0.000462
0.013140
0.027372
0.041259
0.051632
0.097386
0.248285
0.162697
0.055145
0.000000
0.000000
0.000000
0.000000
0.000000
0.000028
0.000014
0.000069
0.005090
0.091217
0.001604
0.004163
0.121065
0.075408
0.004315
0.000111
0.000000
0.000000
0.000000
0.000000
0.000000
0.000000
0.000000
0.000000
0.000000
0.000000
0.000000
0.000000
0.137288
0.052190
0.034739
0.007908
0.006405
0.007712
0.017271
0.037124
0.002467
0.022418
0.018284
0.020474
0.000229
0.000474
0.000147
0.008137
0.000490
0.000000
0.000000
0.000000
0.354069
0.000000
0.000114
0.000000
0.054150
0.000000
0.000000
0.000000
0.173268
0.000278
0.000000
0.000000
0.009167
0.034984
0.000196
0.000016
0.233233
0.006033
0.003933
0.003633
0.003617
0.002533
0.003267
0.033400
0.003383
0.007133
0.000350
0.000733
0.007917
0.004133
0.000517
0.001733
0.009550
0.005850
0.000833
0.000817
0.164733
0.048350
0.271550
0.000967
0.043767
0.036400
0.015900
0.000017
0.003617
0.006817
0.002933
0.000000
0.002833
0.068550
0.000367
0.000600
0.162158
0.006989
0.008406
0.039614
0.037246
0.033317
0.010982
0.035668
0.017713
0.104187
0.045008
0.042834
0.023333
0.022448
0.007858
0.001530
0.099517
0.010628
0.003172
0.000000
0.153672
0.032190
0.000998
0.000000
0.066393
0.000081
0.000161
0.000000
0.033720
0.000000
0.000177
0.000000
0.000000
0.000000
0.000000
0.000000
0.545944
0.001403
0.000139
0.000319
0.000389
0.000958
0.027583
0.011028
0.104708
0.025292
0.024097
0.000000
0.001069
0.006958
0.000847
0.015500
0.002069
0.004361
0.000125
0.006306
0.058444
0.000000
0.022194
0.000000
0.035681
0.000000
0.012986
0.000000
0.001639
0.000000
0.000819
0.000000
0.027444
0.060417
0.001278
0.000000
0.275530
0.044343
0.006604
0.000808
0.000328
0.000884
0.001124
0.000051
0.026881
0.036212
0.003359
0.000152
0.013965
0.004558
0.001174
0.000000
0.034343
0.003144
0.001894
0.000000
0.484205
0.000076
0.003750
0.000000
0.044015
0.000000
0.000000
0.000000
0.005619
0.000000
0.000013
0.000000
0.000821
0.006136
0.000013
0.000000
0.290917
0.178167
0.086083
0.109800
0.116283
0.098050
0.038400
0.001600
0.000000
0.000000
0.000000
0.000000
0.001900
0.033850
0.000000
0.009650
0.005700
0.029383
0.000000
0.000200
0.000017
0.000000
0.000000
0.000000
0.000000
0.000000
0.000000
0.000000
0.000000
0.000000
0.000000
0.000000
0.000000
0.000000
0.000000
0.000000
0.193383
0.007283
0.004950
0.005700
0.007100
0.007450
0.010133
0.028517
0.008667
0.019767
0.000700
0.000017
0.002117
0.000300
0.000000
0.000000
0.001183
0.000017
0.000000
0.000000
0.526733
0.087400
0.004900
0.000000
0.061233
0.019917
0.001700
0.000000
0.000233
0.000000
0.000000
0.000000
0.000133
0.000433
0.000033
0.000000
0.140754
0.000385
0.000469
0.000620
0.001256
0.010151
0.032931
0.059615
0.024422
0.113199
0.002010
0.000017
0.005595
0.014908
0.003702
0.000134
0.005779
0.054472
0.007772
0.017353
0.193082
0.000905
0.308827
0.000000
0.001390
0.000000
0.000034
0.000000
0.000218
0.000000
0.000000
0.000000
0.000000
0.000000
0.000000
0.000000
0.355383
0.013283
0.003783
0.002783
0.003567
0.002350
0.000733
0.001717
0.033117
0.010017
0.000100
0.000000
0.003000
0.001433
0.000167
0.000000
0.001733
0.000000
0.000267
0.000000
0.150883
0.024133
0.051083
0.000000
0.124300
0.066900
0.000083
0.000000
0.004933
0.000150
0.000000
0.000000
0.123767
0.020300
0.000033
0.000000
0.086997
0.002046
0.000000
0.000017
0.001304
0.019208
0.000165
0.000000
0.605132
0.194455
0.080396
0.000858
0.009323
0.000000
0.000017
0.000000
0.000000
0.000000
0.000000
0.000000
0.000000
0.000000
0.000000
0.000000
0.000000
0.000000
0.000000
0.000000
0.000000
0.000000
0.000000
0.000000
0.000083
0.000000
0.000000
0.000000
0.024454
0.000000
0.000028
0.000290
0.001037
0.004288
0.032974
0.069530
0.000000
0.000000
0.000000
0.000000
0.000000
0.000000
0.000000
0.000000
0.000000
0.004371
0.000000
0.000000
0.406169
0.009239
0.447621
0.000000
0.000000
0.000000
0.000000
0.000000
0.000000
0.000000
0.000000
0.000000
0.000000
0.000000
0.000000
0.000000
0.450859
0.008281
0.010430
0.007911
0.027689
0.061644
0.055481
0.007378
0.000000
0.000000
0.000000
0.000000
0.000044
0.002607
0.000607
0.010385
0.000711
0.011378
0.000104
0.001393
0.292904
0.000074
0.050119
0.000000
0.000000
0.000000
0.000000
0.000000
0.000000
0.000000
0.000000
0.000000
0.000000
0.000000
0.000000
0.000000
0.247051
0.003457
0.006008
0.010192
0.011701
0.016996
0.026091
0.034815
0.141619
0.064472
0.048025
0.007929
0.034198
0.004239
0.018697
0.000000
0.072565
0.011907
0.009369
0.000000
0.207023
0.013471
0.005967
0.000000
0.000000
0.000000
0.000000
0.000000
0.000535
0.000000
0.000000
0.000000
0.003635
0.000041
0.000000
0.000000
0.332756
0.000622
0.000859
0.006267
0.017481
0.087333
0.111037
0.040844
0.000000
0.000000
0.000000
0.000000
0.000000
0.002370
0.000000
0.001556
0.000533
0.035422
0.000474
0.002104
0.208104
0.008696
0.029215
0.000000
0.104030
0.000000
0.000652
0.000000
0.009644
0.000000
0.000000
0.000000
0.000000
0.000000
0.000000
0.000000
