0.044966
0.024861
0.036270
0.032143
0.009025
0.006369
0.016136
0.002685
0.005241
0.033714
0.019192
0.007197
0.009810
0.008282
0.006611
0.003556
0.003056
0.004441
0.002570
0.090890
0.007111
0.006711
0.003284
0.004212
0.003970
0.003284
0.003684
0.004841
0.006140
0.000828
0.000743
0.002542
0.063287
0.035828
0.008196
0.010024
0.007954
0.007097
0.003399
0.002542
0.004869
0.002642
0.057090
0.010438
0.006155
0.016893
0.003113
0.003770
0.042382
0.038798
0.261160
0.029414
0.008983
0.057538
0.046683
0.000925
0.004486
0.009017
0.000594
0.011654
0.053189
0.031229
0.003150
0.011049
0.010878
0.006004
0.000148
0.000559
0.000548
0.000342
0.174531
0.007430
0.006529
0.003105
0.005536
0.004725
0.002865
0.000536
0.000491
0.000902
0.000000
0.000000
0.002968
0.093469
0.059935
0.005148
0.010912
0.008640
0.006768
0.000160
0.000342
0.000605
0.000228
0.088584
0.002374
0.004246
0.010615
0.001587
0.004200
0.066018
0.029768
0.110396
0.051578
0.019917
0.060403
0.058476
0.003200
0.008079
0.016965
0.001864
0.006307
0.053318
0.030776
0.007271
0.016406
0.012926
0.010828
0.000575
0.001119
0.001802
0.001569
0.129226
0.008343
0.008653
0.004925
0.008482
0.009321
0.004101
0.002299
0.001724
0.003325
0.000109
0.000047
0.005593
0.046001
0.057156
0.008156
0.016779
0.013671
0.011108
0.000886
0.001072
0.001989
0.001134
0.082867
0.003433
0.007084
0.016483
0.002377
0.004257
0.069118
0.029409
0.077492
0.018659
0.009809
0.031068
0.024965
0.002194
0.003946
0.008186
0.000940
0.010823
0.039808
0.009440
0.002747
0.006435
0.007504
0.004222
0.000664
0.000701
0.000959
0.000977
0.074821
0.006785
0.005642
0.002434
0.006785
0.003632
0.001549
0.001328
0.000811
0.001770
0.000055
0.000092
0.001623
0.122612
0.043495
0.004775
0.007191
0.009108
0.003098
0.000498
0.000424
0.000996
0.000867
0.094513
0.004038
0.002876
0.008205
0.003079
0.001715
0.043477
0.052308
0.305351
0.017531
0.006133
0.035105
0.043494
0.000651
0.003197
0.006220
0.000260
0.007290
0.068647
0.033311
0.002213
0.008375
0.007131
0.003876
0.000029
0.000521
0.000275
0.000159
0.241437
0.005872
0.006147
0.002444
0.005265
0.004310
0.001707
0.000347
0.000202
0.000448
0.000000
0.000029
0.002589
0.109711
0.084254
0.004455
0.008288
0.008288
0.004412
0.000116
0.000145
0.000275
0.000202
0.095826
0.001880
0.002734
0.006798
0.001562
0.001765
0.047110
0.025992
0.080971
0.017537
0.007240
0.035223
0.030879
0.000781
0.003114
0.008470
0.000506
0.008171
0.053209
0.017146
0.001942
0.008550
0.007229
0.004896
0.000092
0.000460
0.000781
0.000230
0.164567
0.006010
0.005930
0.001827
0.006930
0.005275
0.000873
0.000448
0.000333
0.001126
0.000011
0.000023
0.002184
0.120116
0.068401
0.004654
0.009136
0.010205
0.002816
0.000264
0.000126
0.000632
0.000299
0.106796
0.002770
0.002528
0.008711
0.002413
0.001161
0.048911
0.051014
0.157052
0.013520
0.003899
0.032555
0.034838
0.000432
0.002478
0.004776
0.000181
0.008132
0.059150
0.030243
0.001935
0.005319
0.007839
0.002437
0.000056
0.000265
0.000237
0.000111
0.232463
0.005194
0.005082
0.002409
0.003105
0.002186
0.001852
0.000334
0.000153
0.000404
0.000000
0.000014
0.001170
0.133281
0.081345
0.003648
0.004720
0.004442
0.003815
0.000153
0.000097
0.000292
0.000139
0.095812
0.001713
0.002005
0.004525
0.000766
0.001824
0.042301
0.030884
0.125470
0.055229
0.023357
0.066227
0.044334
0.004627
0.007672
0.020341
0.001966
0.013630
0.035183
0.026180
0.007436
0.017237
0.012373
0.010570
0.001020
0.001981
0.002646
0.001670
0.119623
0.008352
0.008811
0.003696
0.007761
0.006918
0.004760
0.002750
0.002602
0.004997
0.000192
0.000237
0.004346
0.083420
0.037001
0.008249
0.018227
0.011634
0.009239
0.001345
0.001271
0.003104
0.002129
0.061881
0.004391
0.007199
0.020962
0.003060
0.005558
0.074210
0.032197
0.086199
0.014779
0.004373
0.032659
0.031744
0.000441
0.002644
0.004898
0.000169
0.018711
0.049522
0.024964
0.001542
0.004830
0.006728
0.002779
0.000017
0.000254
0.000373
0.000153
0.156871
0.004373
0.004356
0.001898
0.003949
0.002898
0.001542
0.000254
0.000186
0.000441
0.000000
0.000000
0.001695
0.092502
0.055132
0.003034
0.005135
0.005508
0.003695
0.000085
0.000119
0.000356
0.000119
0.071419
0.001847
0.001932
0.004576
0.001000
0.002305
0.039794
0.028998
0.302403
0.012986
0.005718
0.024032
0.032278
0.000858
0.002663
0.004770
0.000376
0.004108
0.066332
0.031962
0.002001
0.006335
0.005477
0.003581
0.000226
0.000271
0.000421
0.000301
0.307205
0.004710
0.004815
0.001821
0.004153
0.003416
0.001114
0.000587
0.000271
0.000918
0.000000
0.000015
0.001625
0.129955
0.091522
0.003687
0.006666
0.006215
0.002648
0.000361
0.000120
0.000421
0.000331
0.085142
0.002227
0.002302
0.005673
0.001415
0.001159
0.034445
0.024032
0.066332
0.026484
0.010940
0.043218
0.054353
0.001053
0.004680
0.008728
0.000767
0.005086
0.073209
0.036251
0.003356
0.012189
0.008457
0.006606
0.000075
0.000542
0.000677
0.000361
0.220077
0.006486
0.006230
0.002829
0.007027
0.006019
0.002212
0.000647
0.000587
0.001144
0.000045
0.000015
0.003130
0.076459
0.083125
0.005508
0.012866
0.009751
0.005658
0.000241
0.000316
0.000722
0.000316
0.090318
0.002122
0.004198
0.010187
0.001821
0.002363
0.054880
0.025220
0.060448
0.013446
0.004579
0.028745
0.036703
0.000315
0.002890
0.004008
0.000233
0.006770
0.063444
0.024003
0.001759
0.005838
0.007026
0.003344
0.000000
0.000326
0.000140
0.000163
0.185962
0.004055
0.005220
0.002307
0.004614
0.003729
0.001363
0.000291
0.000151
0.000221
0.000000
0.000000
0.002004
0.124138
0.076680
0.003589
0.005406
0.007679
0.003297
0.000047
0.000105
0.000105
0.000128
0.099995
0.001445
0.001981
0.004626
0.001468
0.001270
0.042249
0.031669
0.180474
0.024996
0.010886
0.036503
0.037296
0.001638
0.004148
0.009776
0.000568
0.006408
0.049701
0.019778
0.003303
0.010714
0.007346
0.005972
0.000185
0.000410
0.001097
0.000687
0.149567
0.005945
0.005906
0.002471
0.007372
0.005721
0.001902
0.000832
0.000515
0.001823
0.000013
0.000000
0.002193
0.094581
0.059465
0.005166
0.011877
0.009274
0.004029
0.000264
0.000225
0.001044
0.000661
0.093286
0.003448
0.004056
0.011256
0.002471
0.001665
0.050243
0.044655
0.186664
0.013902
0.004522
0.029466
0.036194
0.000399
0.002269
0.003771
0.000224
0.006104
0.063503
0.040780
0.001918
0.004922
0.006616
0.001854
0.000000
0.000208
0.000096
0.000096
0.303324
0.004235
0.004650
0.002157
0.002301
0.001902
0.001742
0.000288
0.000144
0.000224
0.000000
0.000000
0.001246
0.141307
0.096197
0.003324
0.004682
0.003755
0.003180
0.000112
0.000048
0.000176
0.000080
0.088830
0.001534
0.001806
0.003787
0.000687
0.002589
0.041483
0.020326
0.047044
0.015411
0.005171
0.032212
0.031753
0.000621
0.002793
0.005895
0.000506
0.007803
0.055886
0.017985
0.001609
0.007125
0.007102
0.004206
0.000069
0.000517
0.000425
0.000207
0.171497
0.005252
0.005574
0.001908
0.005815
0.004735
0.001276
0.000322
0.000161
0.000667
0.000011
0.000000
0.002069
0.126149
0.072860
0.003919
0.007562
0.008251
0.002574
0.000138
0.000149
0.000368
0.000149
0.109486
0.002413
0.002080
0.006688
0.002471
0.001207
0.045532
0.049324
0.162097
0.049950
0.013459
0.067132
0.051252
0.001614
0.007207
0.012268
0.001119
0.012048
0.044138
0.023105
0.005648
0.012378
0.015422
0.009774
0.000385
0.001027
0.001302
0.000899
0.102798
0.008087
0.008197
0.005666
0.007848
0.007115
0.004694
0.001595
0.001302
0.002347
0.000000
0.000000
0.006143
0.062970
0.050116
0.006913
0.013056
0.011993
0.012231
0.000532
0.000623
0.001320
0.000880
0.085323
0.003246
0.006895
0.014321
0.001614
0.007335
0.078557
0.031118
0.125041
0.034550
0.013874
0.049538
0.041277
0.002588
0.004710
0.013889
0.001384
0.006425
0.047672
0.021218
0.004304
0.012219
0.010007
0.007569
0.000617
0.000873
0.001761
0.001264
0.125816
0.006200
0.007163
0.002844
0.007674
0.005643
0.001986
0.001520
0.001174
0.003461
0.000105
0.000105
0.003115
0.078626
0.055076
0.006636
0.014281
0.011647
0.005493
0.000782
0.000858
0.001821
0.001114
0.086436
0.004635
0.004650
0.016327
0.003085
0.002573
0.062916
0.037078
0.163421
0.026982
0.012316
0.043198
0.041103
0.002708
0.004872
0.010306
0.000903
0.009658
0.044323
0.036947
0.004156
0.010442
0.008006
0.004991
0.000409
0.001056
0.001090
0.001005
0.182179
0.006337
0.006473
0.003015
0.004122
0.003867
0.002930
0.001209
0.001073
0.002334
0.000051
0.000034
0.002828
0.084829
0.051954
0.005366
0.010697
0.007546
0.006149
0.000664
0.000784
0.001209
0.000818
0.066433
0.003679
0.004838
0.010578
0.001448
0.003901
0.051051
0.025824
0.181310
0.019173
0.007468
0.031651
0.021820
0.000882
0.002930
0.008964
0.000835
0.007153
0.037181
0.010556
0.002111
0.008098
0.004978
0.004915
0.000110
0.000425
0.000725
0.000583
0.109998
0.004159
0.004080
0.001481
0.006570
0.004852
0.001229
0.000614
0.000567
0.001701
0.000032
0.000032
0.001213
0.152787
0.044176
0.003182
0.009153
0.007909
0.002615
0.000189
0.000299
0.000866
0.000410
0.083830
0.002615
0.002631
0.008602
0.001717
0.001686
0.039008
0.050351
0.280887
0.030307
0.011004
0.049262
0.044032
0.001889
0.005018
0.010808
0.000559
0.008540
0.059768
0.022976
0.003643
0.010596
0.010385
0.007240
0.000302
0.000756
0.001285
0.000665
0.142179
0.007301
0.008147
0.004157
0.007664
0.006303
0.002948
0.001255
0.000998
0.002086
0.000030
0.000060
0.003053
0.088306
0.066585
0.006243
0.010914
0.012788
0.006213
0.000620
0.000514
0.001436
0.000937
0.106476
0.003673
0.004444
0.012909
0.003114
0.002827
0.064514
0.038409
0.103861
0.030548
0.011634
0.044082
0.039020
0.001442
0.004839
0.010289
0.001040
0.011149
0.037038
0.022256
0.003702
0.011329
0.007557
0.006642
0.000263
0.000499
0.000749
0.000638
0.099950
0.004798
0.005935
0.002773
0.005242
0.005339
0.002413
0.000957
0.000777
0.002094
0.000014
0.000014
0.002884
0.053788
0.038438
0.004618
0.011329
0.008459
0.005768
0.000291
0.000458
0.000985
0.000541
0.055910
0.002496
0.004423
0.010955
0.001401
0.003453
0.048880
0.022658
0.347246
0.021079
0.007416
0.037998
0.030187
0.000959
0.003046
0.008615
0.000493
0.007966
0.048531
0.018668
0.002439
0.007769
0.007233
0.004272
0.000183
0.000479
0.001015
0.000634
0.161017
0.005612
0.005626
0.002326
0.005372
0.004709
0.001847
0.000860
0.000649
0.001636
0.000028
0.000000
0.002256
0.125825
0.065422
0.004752
0.008826
0.008558
0.003976
0.000324
0.000310
0.000888
0.000536
0.091718
0.002947
0.002806
0.009207
0.002284
0.001523
0.051407
0.036941
0.180827
0.031384
0.011250
0.051052
0.053680
0.001365
0.004869
0.011296
0.000978
0.006200
0.068104
0.029701
0.003560
0.013753
0.009077
0.008611
0.000193
0.000398
0.000648
0.000398
0.179126
0.006768
0.007155
0.002776
0.008406
0.008031
0.002514
0.001069
0.000637
0.001615
0.000011
0.000034
0.003526
0.069696
0.078285
0.005824
0.013855
0.012752
0.006131
0.000330
0.000250
0.000830
0.000410
0.094631
0.002389
0.004869
0.012274
0.002241
0.002582
0.063929
0.028199
0.072335
0.022309
0.010545
0.032682
0.028252
0.001658
0.003939
0.008396
0.000995
0.005544
0.035772
0.015598
0.003077
0.008449
0.006061
0.004748
0.000610
0.000862
0.001074
0.000889
0.109664
0.005266
0.004748
0.001963
0.004443
0.004178
0.001791
0.000928
0.000756
0.001539
0.000053
0.000053
0.001777
0.060708
0.036316
0.004404
0.007467
0.006459
0.003701
0.000637
0.000451
0.000968
0.000676
0.052524
0.002984
0.003130
0.008290
0.001432
0.001764
0.035308
0.024975
0.419185
0.050250
0.020066
0.065820
0.054219
0.004054
0.007069
0.017000
0.001959
0.009795
0.048019
0.025449
0.007274
0.016489
0.012946
0.009130
0.000988
0.001720
0.002283
0.001363
0.117330
0.009130
0.008449
0.005383
0.008687
0.007733
0.004701
0.002248
0.001925
0.003424
0.000204
0.000187
0.004957
0.049722
0.051647
0.008125
0.015245
0.014002
0.010544
0.001226
0.001295
0.002521
0.001056
0.080401
0.005161
0.007154
0.018260
0.002214
0.006149
0.078595
0.031530
0.084898
0.013392
0.006588
0.027477
0.021166
0.000908
0.002324
0.006311
0.000508
0.009236
0.050151
0.016686
0.001539
0.005418
0.005126
0.003294
0.000246
0.000462
0.000939
0.000477
0.276014
0.004864
0.004233
0.001524
0.003171
0.002663
0.001139
0.000554
0.000554
0.001216
0.000000
0.000031
0.001139
0.164322
0.097700
0.003540
0.006927
0.004310
0.002247
0.000308
0.000262
0.000800
0.000385
0.081199
0.003171
0.002140
0.005942
0.001201
0.001108
0.037528
0.034588
0.082969
0.049837
0.018544
0.060106
0.054271
0.002305
0.007951
0.017345
0.001819
0.007722
0.045430
0.022479
0.006213
0.016415
0.011536
0.010876
0.000458
0.001051
0.001779
0.001375
0.128110
0.007560
0.008194
0.003773
0.010094
0.010215
0.003881
0.001806
0.001402
0.003059
0.000013
0.000108
0.005094
0.059958
0.055942
0.007574
0.018086
0.014151
0.008692
0.000553
0.000579
0.001455
0.001240
0.084445
0.003477
0.007358
0.017223
0.003127
0.004110
0.069675
0.033395
0.088138
0.040569
0.018047
0.053107
0.054059
0.003205
0.006979
0.013440
0.001135
0.006845
0.050185
0.029600
0.006544
0.014975
0.010735
0.008949
0.000501
0.001102
0.001219
0.001319
0.139337
0.008965
0.007730
0.003857
0.007630
0.007179
0.004074
0.001586
0.001035
0.002688
0.000000
0.000033
0.004558
0.063274
0.059017
0.008297
0.016511
0.010885
0.008331
0.000551
0.000618
0.001536
0.001002
0.085445
0.004341
0.006828
0.013790
0.002104
0.003656
0.063525
0.032939
0.106164
0.011421
0.004548
0.024564
0.027552
0.000412
0.001884
0.004680
0.000294
0.005902
0.051645
0.017662
0.001648
0.006034
0.005137
0.002723
0.000015
0.000206
0.000235
0.000235
0.182989
0.004180
0.004047
0.001796
0.003915
0.002958
0.001163
0.000191
0.000132
0.000412
0.000000
0.000015
0.001192
0.126604
0.066025
0.002944
0.006020
0.005519
0.002002
0.000147
0.000044
0.000294
0.000147
0.085732
0.001781
0.001943
0.004989
0.001236
0.000913
0.035044
0.035367
0.253459
0.028267
0.011638
0.048534
0.041293
0.001835
0.004529
0.012563
0.001157
0.010712
0.058072
0.022895
0.003670
0.012844
0.008960
0.005224
0.000347
0.000645
0.001141
0.000876
0.182200
0.006959
0.006199
0.002810
0.006844
0.005604
0.002050
0.001108
0.000909
0.002166
0.000033
0.000066
0.002496
0.081628
0.069990
0.006067
0.013390
0.010183
0.004794
0.000463
0.000529
0.001488
0.000612
0.089116
0.003455
0.004629
0.013224
0.002314
0.002413
0.063461
0.038549
0.099051
0.018953
0.008081
0.036296
0.032992
0.001233
0.003373
0.008047
0.000462
0.010855
0.050336
0.024072
0.002602
0.008595
0.008201
0.003458
0.000205
0.000616
0.000788
0.000445
0.188022
0.005325
0.005787
0.003133
0.004588
0.003356
0.001986
0.000976
0.000360
0.001216
0.000000
0.000017
0.001609
0.112673
0.059153
0.004879
0.009211
0.006660
0.003698
0.000342
0.000291
0.000839
0.000205
0.077558
0.002671
0.002842
0.009262
0.001216
0.001918
0.049651
0.029876
0.191070
0.018948
0.007620
0.033056
0.025566
0.001112
0.003393
0.007879
0.000853
0.007675
0.040380
0.014201
0.002355
0.008232
0.006489
0.004264
0.000222
0.000463
0.000946
0.000482
0.126645
0.005525
0.005173
0.001873
0.005432
0.004301
0.001335
0.000797
0.000334
0.001335
0.000000
0.000037
0.001873
0.114650
0.047314
0.004209
0.009177
0.007434
0.003485
0.000297
0.000260
0.000779
0.000501
0.083800
0.003319
0.002540
0.007713
0.001557
0.001409
0.040750
0.040472
0.291538
0.021021
0.006040
0.044045
0.050301
0.000603
0.003617
0.005528
0.000319
0.008395
0.074303
0.032363
0.002457
0.006882
0.009464
0.004129
0.000023
0.000375
0.000148
0.000114
0.200978
0.006245
0.006279
0.003322
0.004834
0.004630
0.002605
0.000444
0.000273
0.000398
0.000000
0.000000
0.002321
0.100944
0.088943
0.004652
0.007292
0.008088
0.005381
0.000137
0.000182
0.000239
0.000125
0.103481
0.001763
0.002992
0.006450
0.001638
0.002832
0.057343
0.023581
0.081481
0.042548
0.015465
0.059342
0.056351
0.002422
0.006015
0.016019
0.001013
0.007693
0.055955
0.033684
0.005334
0.015607
0.012267
0.008674
0.000507
0.001013
0.002153
0.001092
0.141193
0.007360
0.007582
0.004448
0.008532
0.007804
0.003767
0.001298
0.001187
0.003071
0.000016
0.000047
0.004147
0.060957
0.060102
0.007123
0.015813
0.011935
0.008548
0.000633
0.000522
0.002153
0.001045
0.085270
0.003261
0.005350
0.017570
0.001979
0.004321
0.072163
0.028698
0.078954
0.009221
0.003591
0.017403
0.016321
0.000250
0.001401
0.004007
0.000208
0.003924
0.026887
0.011079
0.000985
0.004271
0.003120
0.002246
0.000042
0.000097
0.000291
0.000153
0.090285
0.002094
0.002205
0.000943
0.002551
0.002163
0.000624
0.000305
0.000250
0.000652
0.000014
0.000000
0.000721
0.035360
0.027109
0.001969
0.004826
0.003910
0.001595
0.000083
0.000097
0.000416
0.000125
0.034042
0.001206
0.001428
0.004271
0.000901
0.000790
0.024669
0.013534
0.635365
0.011293
0.003997
0.023662
0.026250
0.000596
0.002680
0.004879
0.000183
0.005555
0.034210
0.016114
0.002210
0.004879
0.006631
0.002806
0.000103
0.000527
0.000561
0.000412
0.100018
0.004398
0.004020
0.002107
0.003172
0.002703
0.001615
0.000653
0.000286
0.000664
0.000011
0.000000
0.001684
0.082919
0.039776
0.003573
0.005486
0.005016
0.003860
0.000195
0.000172
0.000481
0.000355
0.056222
0.002107
0.001970
0.005257
0.000859
0.001535
0.037062
0.019184
0.465091
0.011249
0.004198
0.026981
0.031655
0.000204
0.002391
0.003953
0.000258
0.008179
0.060172
0.022566
0.001331
0.005285
0.006277
0.003057
0.000014
0.000312
0.000190
0.000109
0.202864
0.004375
0.005217
0.001712
0.004864
0.003396
0.001223
0.000245
0.000082
0.000204
0.000000
0.000014
0.001331
0.143032
0.077793
0.003424
0.005652
0.007037
0.002554
0.000095
0.000068
0.000122
0.000027
0.107043
0.002568
0.001535
0.004769
0.001372
0.001182
0.042347
0.040662
0.144812
0.017566
0.007499
0.023900
0.024687
0.001166
0.003056
0.006365
0.000740
0.003261
0.039528
0.019378
0.002395
0.007751
0.004049
0.004254
0.000126
0.000362
0.000599
0.000504
0.244809
0.003466
0.003198
0.001528
0.003230
0.003356
0.001166
0.000630
0.000504
0.001008
0.000000
0.000032
0.001355
0.091912
0.054700
0.003167
0.007594
0.005010
0.002930
0.000299
0.000236
0.000740
0.000425
0.041040
0.001544
0.002521
0.006885
0.001008
0.001418
0.026026
0.012682
0.308394
0.051672
0.017723
0.067390
0.045948
0.002993
0.007656
0.016706
0.001482
0.012566
0.036303
0.023403
0.006508
0.015253
0.013002
0.008643
0.000654
0.001758
0.001743
0.001380
0.116186
0.007975
0.007670
0.005070
0.006755
0.006770
0.005259
0.002237
0.001888
0.003327
0.000029
0.000073
0.004242
0.052834
0.034269
0.007307
0.014817
0.010416
0.010488
0.000843
0.001424
0.001656
0.001409
0.058122
0.004009
0.007191
0.017490
0.002165
0.006653
0.067158
0.027180
0.174308
0.021560
0.006518
0.034760
0.035086
0.000683
0.003430
0.006964
0.000312
0.008226
0.043387
0.024411
0.002465
0.006949
0.007409
0.004900
0.000119
0.000445
0.000609
0.000252
0.125230
0.005093
0.004959
0.002480
0.005538
0.003905
0.002168
0.000505
0.000401
0.000787
0.000015
0.000000
0.002391
0.060908
0.041397
0.003712
0.007320
0.007201
0.004930
0.000134
0.000238
0.000564
0.000267
0.065258
0.002138
0.002984
0.007691
0.001574
0.002762
0.046223
0.026029
0.356714
0.010270
0.004046
0.024518
0.026643
0.000257
0.002246
0.004100
0.000365
0.008795
0.051838
0.018483
0.001231
0.005128
0.006441
0.002706
0.000014
0.000284
0.000230
0.000189
0.223222
0.004993
0.004858
0.001326
0.005101
0.002990
0.000934
0.000284
0.000108
0.000419
0.000000
0.000000
0.001137
0.147556
0.080929
0.003112
0.005954
0.006441
0.001773
0.000189
0.000041
0.000108
0.000041
0.098425
0.001894
0.001705
0.004235
0.001867
0.000636
0.035289
0.043584
0.153063
0.027359
0.011968
0.044189
0.039053
0.001609
0.004486
0.011676
0.000770
0.006506
0.050866
0.028130
0.003356
0.013234
0.006814
0.006985
0.000257
0.000308
0.000959
0.000633
0.204938
0.006540
0.005479
0.002397
0.006814
0.006283
0.001969
0.000668
0.000531
0.001678
0.000000
0.000068
0.002517
0.074356
0.066737
0.005393
0.013782
0.009930
0.004349
0.000479
0.000325
0.001010
0.000633
0.081753
0.003253
0.004349
0.012738
0.002106
0.002089
0.054804
0.032889
0.129982
0.010283
0.004959
0.019919
0.020822
0.000512
0.002183
0.004636
0.000526
0.004649
0.034689
0.011118
0.000984
0.005795
0.003720
0.002992
0.000040
0.000189
0.000323
0.000283
0.134902
0.003477
0.003181
0.001024
0.003773
0.003800
0.000633
0.000323
0.000216
0.000741
0.000000
0.000000
0.001146
0.065901
0.042438
0.002614
0.007547
0.006065
0.001765
0.000162
0.000081
0.000283
0.000270
0.058651
0.001846
0.001900
0.005943
0.001321
0.000674
0.031657
0.025242
0.463802
0.010877
0.004166
0.024792
0.024647
0.000535
0.002314
0.004542
0.000260
0.009807
0.051796
0.015607
0.001490
0.004542
0.007724
0.002907
0.000043
0.000376
0.000419
0.000260
0.168422
0.005467
0.005540
0.001866
0.005251
0.003110
0.000796
0.000347
0.000101
0.000709
0.000000
0.000014
0.001128
0.146031
0.065827
0.003775
0.005106
0.007883
0.001750
0.000217
0.000130
0.000376
0.000159
0.113168
0.003370
0.001316
0.005135
0.002184
0.000752
0.039401
0.055051
0.188513
0.029815
0.013641
0.044027
0.034782
0.001711
0.004396
0.011963
0.000956
0.005973
0.044765
0.022584
0.003591
0.013322
0.006795
0.006057
0.000268
0.000436
0.001443
0.000822
0.174262
0.004916
0.005755
0.001930
0.006040
0.005487
0.002450
0.001124
0.000772
0.002315
0.000000
0.000034
0.002047
0.050688
0.047634
0.005201
0.012685
0.008658
0.004899
0.000419
0.000419
0.001544
0.000721
0.056695
0.003591
0.005201
0.012299
0.002114
0.002550
0.049950
0.028658
0.251594
0.031920
0.012967
0.046652
0.053949
0.001801
0.005566
0.011400
0.001216
0.004759
0.066588
0.032446
0.004151
0.015259
0.008629
0.009202
0.000257
0.000409
0.001134
0.000585
0.192023
0.006665
0.006805
0.003145
0.008489
0.008313
0.002584
0.001122
0.000573
0.002140
0.000000
0.000000
0.003975
0.067535
0.078631
0.005916
0.014206
0.013142
0.006115
0.000398
0.000386
0.001158
0.000748
0.092592
0.002865
0.005063
0.013177
0.002198
0.002350
0.058088
0.027068
0.063641
0.016717
0.007422
0.031144
0.022596
0.000772
0.002486
0.007495
0.000772
0.018493
0.037231
0.010324
0.001727
0.008242
0.004446
0.003809
0.000122
0.000416
0.000514
0.000551
0.131326
0.003809
0.003711
0.001114
0.004850
0.003821
0.001004
0.000465
0.000416
0.000943
0.000000
0.000000
0.001041
0.134142
0.044898
0.002474
0.008402
0.006075
0.001972
0.000245
0.000098
0.000612
0.000331
0.063024
0.001898
0.002584
0.007838
0.001249
0.001261
0.035982
0.031561
0.327573
0.013879
0.004309
0.038913
0.036913
0.000443
0.002980
0.005651
0.000255
0.009691
0.058322
0.028819
0.001638
0.006067
0.008349
0.002940
0.000040
0.000282
0.000309
0.000107
0.252282
0.006148
0.005477
0.002282
0.004591
0.003087
0.001772
0.000336
0.000161
0.000403
0.000000
0.000000
0.001490
0.127289
0.064550
0.003785
0.006765
0.007047
0.003315
0.000081
0.000148
0.000362
0.000134
0.090430
0.002094
0.001933
0.006013
0.001477
0.001651
0.052886
0.031799
0.100309
0.015637
0.006677
0.027697
0.029775
0.001022
0.003117
0.006916
0.000528
0.014087
0.045958
0.021480
0.002521
0.008040
0.007137
0.004054
0.000068
0.000528
0.000681
0.000358
0.162931
0.005570
0.006166
0.002402
0.004548
0.004071
0.001840
0.000528
0.000341
0.001073
0.000000
0.000034
0.001891
0.141553
0.058887
0.004122
0.007904
0.006354
0.003577
0.000307
0.000119
0.000647
0.000153
0.077590
0.002913
0.003134
0.007086
0.001090
0.001669
0.041972
0.031462
0.221783
0.029440
0.012644
0.042085
0.036134
0.002335
0.004722
0.010396
0.000951
0.008614
0.049955
0.020134
0.003667
0.009946
0.008718
0.006089
0.000502
0.000899
0.001522
0.000657
0.122985
0.006746
0.006037
0.002733
0.006936
0.005985
0.002110
0.001297
0.000986
0.002543
0.000156
0.000104
0.002283
0.094790
0.051719
0.005829
0.011382
0.010240
0.004688
0.000484
0.000623
0.001695
0.000726
0.081575
0.003529
0.003719
0.012212
0.002179
0.002525
0.053415
0.037570
0.210787
0.017091
0.005999
0.044806
0.038026
0.000539
0.002956
0.007807
0.000330
0.010571
0.063463
0.024864
0.002191
0.009093
0.008972
0.004051
0.000104
0.000469
0.000452
0.000296
0.217408
0.006485
0.005599
0.002956
0.005686
0.004156
0.001756
0.000452
0.000209
0.000661
0.000000
0.000000
0.001773
0.114963
0.078729
0.003999
0.009337
0.007998
0.003286
0.000156
0.000122
0.000296
0.000174
0.100097
0.002695
0.001965
0.007842
0.001791
0.001982
0.062228
0.031436
0.081684
0.015234
0.005785
0.031212
0.029204
0.000702
0.002429
0.006711
0.000407
0.009393
0.049156
0.023644
0.002050
0.007301
0.006262
0.003693
0.000028
0.000463
0.000548
0.000337
0.243843
0.004872
0.004535
0.001727
0.004451
0.003524
0.001530
0.000548
0.000323
0.000885
0.000014
0.000014
0.001530
0.235854
0.062340
0.003510
0.007357
0.006711
0.003328
0.000140
0.000126
0.000505
0.000309
0.073208
0.001910
0.002148
0.007231
0.001362
0.001362
0.040816
0.023672
0.065752
0.022194
0.010250
0.034737
0.038591
0.001861
0.003572
0.008921
0.000648
0.005233
0.058525
0.025633
0.003738
0.010698
0.006994
0.005382
0.000299
0.000615
0.000631
0.000365
0.207223
0.005814
0.006612
0.002741
0.006113
0.005798
0.001711
0.000847
0.000548
0.001395
0.000000
0.000017
0.002309
0.099110
0.082613
0.004901
0.010964
0.010350
0.003638
0.000482
0.000150
0.000897
0.000482
0.102166
0.003522
0.003173
0.010034
0.002492
0.001379
0.049887
0.038292
0.095455
0.023134
0.011575
0.038930
0.050064
0.001763
0.004678
0.009033
0.000780
0.004254
0.070860
0.036608
0.003830
0.011474
0.007610
0.006406
0.000356
0.000559
0.000678
0.000610
0.254576
0.006847
0.005695
0.002559
0.006000
0.005745
0.002271
0.000932
0.000559
0.001356
0.000000
0.000051
0.002322
0.078927
0.093756
0.005440
0.010559
0.010135
0.004576
0.000356
0.000153
0.000678
0.000458
0.083350
0.002525
0.003627
0.009525
0.001983
0.001881
0.047590
0.021897
0.050471
0.029514
0.011066
0.051711
0.049828
0.001211
0.004878
0.009887
0.000835
0.008545
0.055737
0.033655
0.003847
0.013881
0.009330
0.006924
0.000065
0.000557
0.000671
0.000360
0.228564
0.006564
0.007333
0.002341
0.007072
0.006433
0.002030
0.000655
0.000475
0.001097
0.000000
0.000000
0.002848
0.076150
0.065592
0.004731
0.013881
0.009265
0.005484
0.000311
0.000246
0.000671
0.000524
0.085480
0.002112
0.004616
0.011606
0.001768
0.002930
0.061745
0.027402
0.067572
0.024181
0.012055
0.036053
0.030314
0.002016
0.003666
0.010673
0.000832
0.007459
0.044118
0.015002
0.003313
0.011519
0.006852
0.005527
0.000451
0.000775
0.001283
0.000733
0.159396
0.005837
0.006077
0.001833
0.006472
0.005372
0.001382
0.001057
0.000916
0.002383
0.000085
0.000070
0.002044
0.102871
0.052592
0.004314
0.011815
0.009997
0.003469
0.000423
0.000367
0.001339
0.000508
0.081185
0.003821
0.003299
0.011407
0.002411
0.001833
0.047854
0.041241
0.209506
0.090796
0.049939
0.055087
0.033019
0.018328
0.012629
0.030406
0.006737
0.008300
0.014447
0.015600
0.012155
0.015178
0.013564
0.013128
0.008223
0.006558
0.009811
0.006366
0.035299
0.010515
0.010234
0.006430
0.006737
0.007172
0.006353
0.010093
0.010118
0.012488
0.002024
0.002190
0.005303
0.019020
0.015626
0.013013
0.014845
0.014243
0.013628
0.007723
0.006737
0.009465
0.006686
0.037246
0.017765
0.012526
0.030189
0.006942
0.008287
0.058456
0.053999
0.108382
0.045590
0.024947
0.046827
0.036540
0.005610
0.007999
0.017846
0.002491
0.008745
0.039201
0.019744
0.006898
0.013897
0.009084
0.008745
0.001678
0.002034
0.003356
0.002000
0.111518
0.008423
0.008542
0.003390
0.008999
0.006745
0.003356
0.003169
0.002593
0.004915
0.000288
0.000203
0.003322
0.068402
0.049912
0.008355
0.015338
0.013440
0.006203
0.001661
0.001508
0.002729
0.001813
0.076435
0.007966
0.007830
0.018778
0.003881
0.003949
0.058047
0.046251
0.138804
0.055064
0.021727
0.076147
0.056759
0.003661
0.009254
0.020304
0.001356
0.010016
0.041268
0.027235
0.008050
0.019050
0.013626
0.011406
0.000559
0.001559
0.002119
0.001271
0.118789
0.009643
0.009457
0.004661
0.008084
0.008016
0.005169
0.002169
0.001966
0.003729
0.000034
0.000102
0.004678
0.039574
0.046251
0.008542
0.019711
0.012406
0.011067
0.000763
0.000881
0.001932
0.001390
0.067707
0.003898
0.007169
0.021049
0.001932
0.007101
0.084469
0.028066
0.079164
0.022621
0.008892
0.039195
0.042091
0.001022
0.004395
0.009284
0.000647
0.007325
0.064031
0.025585
0.002777
0.010646
0.008057
0.006132
0.000102
0.000579
0.000920
0.000375
0.210592
0.005758
0.006200
0.003151
0.006711
0.005792
0.001908
0.000767
0.000545
0.001431
0.000000
0.000017
0.002674
0.099973
0.085170
0.005161
0.010186
0.010340
0.004122
0.000273
0.000273
0.000732
0.000375
0.098985
0.002504
0.003066
0.010101
0.002300
0.001720
0.054339
0.031803
0.078357
0.022049
0.010237
0.037862
0.030117
0.002186
0.003407
0.009626
0.000864
0.012287
0.043709
0.021236
0.002864
0.010203
0.007389
0.005000
0.000491
0.000576
0.001271
0.000559
0.222409
0.006067
0.005644
0.002000
0.005745
0.004101
0.001729
0.000898
0.000932
0.002085
0.000203
0.000085
0.001678
0.115246
0.064267
0.005322
0.010084
0.008288
0.003525
0.000610
0.000458
0.001271
0.000542
0.077571
0.003813
0.003152
0.011186
0.002288
0.002203
0.050963
0.034184
0.129517
0.031946
0.012466
0.050889
0.041611
0.001544
0.004966
0.013188
0.001191
0.007903
0.055889
0.020554
0.003708
0.013255
0.008926
0.009044
0.000352
0.000570
0.001393
0.000940
0.162064
0.007215
0.006997
0.002416
0.011057
0.008356
0.001745
0.001376
0.000805
0.003087
0.000000
0.000067
0.003054
0.088138
0.064883
0.006493
0.015587
0.014715
0.004077
0.000470
0.000285
0.001342
0.000554
0.092081
0.002953
0.005067
0.014782
0.003054
0.002114
0.066242
0.037433
0.091158
0.014195
0.004872
0.033726
0.033122
0.000520
0.002598
0.005841
0.000253
0.009885
0.057061
0.022170
0.001811
0.006346
0.008537
0.003608
0.000070
0.000183
0.000407
0.000225
0.240516
0.005546
0.005420
0.002569
0.004858
0.003524
0.001502
0.000407
0.000379
0.000491
0.000000
0.000028
0.001853
0.141922
0.070624
0.004718
0.007357
0.008101
0.003047
0.000225
0.000225
0.000449
0.000183
0.101373
0.002303
0.001685
0.006683
0.001867
0.001151
0.050701
0.033655
0.091208
0.017787
0.005974
0.030924
0.029825
0.000617
0.002964
0.007133
0.000451
0.006501
0.047823
0.016417
0.001926
0.008186
0.006125
0.004800
0.000060
0.000361
0.000587
0.000391
0.151819
0.004439
0.005026
0.002423
0.006004
0.004785
0.001159
0.000497
0.000331
0.001068
0.000000
0.000000
0.001776
0.123243
0.056701
0.003973
0.007855
0.008758
0.002964
0.000226
0.000090
0.000707
0.000346
0.090122
0.002347
0.002468
0.007238
0.001746
0.001399
0.043429
0.039636
0.238571
0.044028
0.019201
0.057353
0.040547
0.004497
0.005890
0.014899
0.001768
0.015358
0.037706
0.031914
0.006405
0.012448
0.010819
0.007533
0.001378
0.001657
0.002548
0.002130
0.171893
0.007923
0.007853
0.004219
0.005110
0.004776
0.003328
0.002827
0.002395
0.004177
0.000223
0.000334
0.003077
0.098527
0.042357
0.007630
0.012406
0.008438
0.007895
0.001323
0.001434
0.002562
0.001671
0.063090
0.005096
0.005723
0.015637
0.002729
0.005765
0.068061
0.031301
0.082138
0.026108
0.011015
0.037816
0.033948
0.001956
0.003912
0.010127
0.000782
0.006004
0.052141
0.019592
0.003311
0.010985
0.008051
0.005387
0.000361
0.000707
0.001099
0.000767
0.167093
0.007012
0.006200
0.002603
0.007524
0.005959
0.001971
0.001129
0.000993
0.002092
0.000105
0.000030
0.002438
0.101348
0.066452
0.005462
0.012746
0.011271
0.004153
0.000692
0.000406
0.001279
0.000873
0.096337
0.004018
0.003491
0.012956
0.002618
0.001806
0.053932
0.042285
0.138652
