0.540700
0.000498
0.000000
0.000000
0.000000
0.000000
0.000000
0.000000
0.008596
0.000763
0.002777
0.003672
0.003133
0.004944
0.057973
0.309540
0.000844
0.000112
0.002157
0.029409
0.026082
0.000000
0.008799
0.000000
0.000000
0.000000
0.000000
0.000000
0.000000
0.000000
0.000000
0.000000
0.000000
0.000000
0.000000
0.000000
0.090424
0.000478
0.000112
0.000997
0.006602
0.001282
0.000010
0.000071
0.018148
0.005483
0.285309
0.022054
0.025747
0.004242
0.014923
0.000000
0.109009
0.000570
0.074799
0.000000
0.279083
0.000041
0.051737
0.000000
0.005096
0.000000
0.000000
0.000000
0.000000
0.000000
0.000000
0.000000
0.000000
0.002004
0.000122
0.001658
0.186757
0.000682
0.000041
0.000031
0.000142
0.000132
0.000122
0.000051
0.013357
0.008596
0.434540
0.141337
0.011912
0.000254
0.002625
0.011332
0.016093
0.000000
0.003316
0.000000
0.153432
0.000000
0.008840
0.000000
0.000000
0.000000
0.000000
0.000000
0.000000
0.000000
0.000000
0.000000
0.000102
0.000000
0.001872
0.004435
0.489451
0.014160
0.000071
0.000000
0.000000
0.000000
0.000000
0.000000
0.002563
0.004649
0.125275
0.296295
0.000051
0.000000
0.000000
0.000000
0.000000
0.000000
0.000000
0.000000
0.054454
0.000000
0.000000
0.000000
0.012980
0.000000
0.000000
0.000000
0.000051
0.000000
0.000000
0.000000
0.000000
0.000000
0.000000
0.000000
0.629018
0.017426
0.029297
0.034108
0.046458
0.099264
0.014720
0.000071
0.020569
0.004720
0.002004
0.000071
0.032054
0.056671
0.005666
0.005442
0.000000
0.000000
0.000000
0.000000
0.000000
0.000000
0.000000
0.000000
0.000000
0.000000
0.000000
0.000000
0.000051
0.000000
0.000000
0.000000
0.002391
0.000000
0.000000
0.000000
0.351135
0.013133
0.000000
0.000000
0.000000
0.000000
0.000000
0.000000
0.183380
0.039825
0.089600
0.194712
0.031331
0.033529
0.001923
0.030172
0.006582
0.000000
0.000000
0.000000
0.024668
0.000000
0.000000
0.000000
0.000000
0.000000
0.000000
0.000000
0.000000
0.000000
0.000000
0.000000
0.000010
0.000000
0.000000
0.000000
0.548533
0.058543
0.000031
0.000010
0.000000
0.000051
0.000041
0.000000
0.032064
0.174337
0.034597
0.033122
0.005452
0.000000
0.000000
0.000000
0.011627
0.000000
0.000000
0.000000
0.068776
0.000000
0.000000
0.000000
0.008596
0.000000
0.000000
0.000000
0.000071
0.000000
0.000000
0.000000
0.000549
0.023600
0.000000
0.000000
0.345774
0.021016
0.004089
0.000946
0.001038
0.006337
0.033051
0.000437
0.029958
0.109375
0.074778
0.048950
0.007090
0.032654
0.009837
0.006521
0.070241
0.001373
0.006460
0.000000
0.112844
0.000000
0.024068
0.000000
0.000671
0.000000
0.000000
0.000000
0.003571
0.000000
0.000000
0.000000
0.001628
0.024495
0.003896
0.018901
0.160848
0.000305
0.000397
0.000631
0.000092
0.000000
0.000010
0.000000
0.006104
0.002187
0.249980
0.330872
0.011678
0.000509
0.003153
0.000031
0.019450
0.000020
0.010406
0.000000
0.186798
0.000203
0.010539
0.000000
0.000000
0.000000
0.000000
0.000000
0.000000
0.000000
0.000000
0.000000
0.000000
0.000437
0.000020
0.005330
0.397125
0.000214
0.000000
0.000010
0.000000
0.000000
0.000000
0.000000
0.000010
0.000092
0.009939
0.000224
0.007050
0.001180
0.277649
0.258921
0.003642
0.000682
0.018697
0.024404
0.000163
0.000000
0.000000
0.000000
0.000000
0.000000
0.000000
0.000000
0.000000
0.000000
0.000000
0.000000
0.000000
0.000000
0.000000
0.000000
0.123464
0.008789
0.006866
0.003062
0.006907
0.005880
0.000234
0.000264
0.039673
0.009033
0.422170
0.007507
0.018026
0.001139
0.001455
0.000000
0.032461
0.000193
0.000417
0.000000
0.306956
0.000916
0.004374
0.000000
0.000020
0.000000
0.000000
0.000000
0.000000
0.000000
0.000000
0.000000
0.000193
0.000000
0.000000
0.000000
0.613536
0.025594
0.022329
0.027913
0.038401
0.026845
0.001404
0.000000
0.000061
0.000000
0.000051
0.000000
0.126658
0.069753
0.024465
0.005992
0.012502
0.000071
0.000905
0.000010
0.002228
0.000000
0.001282
0.000000
0.000000
0.000000
0.000000
0.000000
0.000000
0.000000
0.000000
0.000000
0.000000
0.000000
0.000000
0.000000
0.551829
0.000122
0.000010
0.000081
0.001088
0.004924
0.034373
0.000722
0.029073
0.090271
0.092041
0.010518
0.000031
0.002360
0.000509
0.002889
0.000997
0.000000
0.000000
0.000000
0.000224
0.000000
0.000000
0.000000
0.000000
0.000000
0.000000
0.000000
0.000000
0.000000
0.000000
0.000000
0.035390
0.075765
0.052012
0.014771
0.558726
0.000610
0.001272
0.002106
0.000905
0.000061
0.000000
0.000000
0.182159
0.146688
0.077830
0.012573
0.000000
0.000000
0.000000
0.000000
0.000000
0.000000
0.000000
0.000000
0.000000
0.000000
0.000000
0.000000
0.000000
0.000000
0.000000
0.000000
0.000000
0.000000
0.000000
0.000000
0.016520
0.000529
0.000020
0.000000
0.530955
0.001333
0.000000
0.000000
0.000000
0.000000
0.000000
0.000000
0.045715
0.095418
0.053131
0.249227
0.010529
0.005554
0.003255
0.002004
0.001658
0.000000
0.000264
0.000000
0.000732
0.000000
0.000000
0.000000
0.000203
0.000000
0.000000
0.000000
0.000000
0.000000
0.000000
0.000000
0.000020
0.000000
0.000000
0.000000
0.538076
0.000000
0.000000
0.000000
0.000000
0.000000
0.000000
0.000000
0.051137
0.110402
0.044525
0.056925
0.019073
0.080322
0.028097
0.071442
0.000000
0.000000
0.000000
0.000000
0.000000
0.000000
0.000000
0.000000
0.000000
0.000000
0.000000
0.000000
0.000000
0.000000
0.000000
0.000000
0.000000
0.000000
0.000000
0.000000
0.446889
0.000682
0.000071
0.000010
0.000020
0.000102
0.000071
0.000000
0.005076
0.000000
0.412689
0.000000
0.004079
0.000051
0.000682
0.000000
0.011302
0.000020
0.003204
0.000000
0.108276
0.000000
0.006775
0.000000
0.000000
0.000000
0.000000
0.000000
0.000000
0.000000
0.000000
0.000000
0.000000
0.000000
0.000000
0.000000
0.562073
0.000244
0.000305
0.000509
0.000753
0.001139
0.000193
0.000000
0.100037
0.115153
0.002268
0.000000
0.078756
0.063548
0.046834
0.025380
0.000000
0.000000
0.000000
0.000000
0.000000
0.000000
0.000000
0.000000
0.000000
0.000000
0.000000
0.000000
0.000000
0.000000
0.000000
0.000000
0.002146
0.000214
0.000448
0.000000
0.547587
0.002319
0.000000
0.000000
0.000000
0.000000
0.000000
0.000000
0.001790
0.000000
0.229085
0.149404
0.000682
0.000000
0.000031
0.000000
0.000539
0.000000
0.000000
0.000000
0.042562
0.000000
0.003377
0.000000
0.001292
0.000000
0.000000
0.000000
0.006012
0.000000
0.000000
0.000000
0.000092
0.000000
0.002085
0.013143
0.400401
0.040456
0.000885
0.000000
0.000000
0.000000
0.000000
0.000000
0.050476
0.028758
0.066874
0.310750
0.004049
0.000000
0.000142
0.000000
0.002136
0.000000
0.000163
0.000000
0.074717
0.000000
0.004822
0.000000
0.014048
0.000000
0.000000
0.000000
0.001312
0.000000
0.000000
0.000000
0.000010
0.000000
0.000000
0.000000
0.304626
0.118551
0.009501
0.001628
0.000020
0.000000
0.000000
0.000000
0.005391
0.011861
0.384338
0.023794
0.002563
0.001831
0.002116
0.008016
0.002441
0.000000
0.000000
0.000000
0.102356
0.000000
0.000498
0.000000
0.016225
0.000000
0.000000
0.000000
0.003825
0.000000
0.000000
0.000000
0.000031
0.000000
0.000000
0.000387
0.574839
0.005168
0.000010
0.000000
0.000000
0.000000
0.000000
0.000000
0.008525
0.064463
0.164042
0.129405
0.003194
0.000732
0.001689
0.000000
0.001231
0.000000
0.000041
0.000000
0.037608
0.000000
0.003998
0.000000
0.002350
0.000000
0.000000
0.000000
0.001617
0.000000
0.000000
0.000000
0.000031
0.000000
0.000488
0.000570
0.555949
0.000214
0.000224
0.000305
0.000559
0.000437
0.000092
0.000031
0.003347
0.003438
0.065023
0.005259
0.001607
0.000000
0.000254
0.000000
0.000783
0.000000
0.000020
0.000000
0.025747
0.000000
0.062714
0.000000
0.000000
0.000000
0.000000
0.000000
0.000000
0.000000
0.000000
0.000000
0.103292
0.089325
0.058462
0.022919
0.457041
0.057515
0.000020
0.000000
0.000000
0.000000
0.000000
0.000000
0.085805
0.000000
0.000468
0.000000
0.023946
0.003621
0.047597
0.088593
0.028910
0.015259
0.014211
0.119456
0.054260
0.000000
0.000346
0.000000
0.002909
0.000000
0.000000
0.000000
0.000041
0.000000
0.000000
0.000000
0.000000
0.000000
0.000000
0.000000
0.268260
0.038127
0.007141
0.000387
0.000041
0.000000
0.000000
0.000000
0.004781
0.001424
0.202006
0.195943
0.004028
0.000000
0.000793
0.000000
0.010244
0.000000
0.005056
0.000000
0.231679
0.000031
0.007507
0.000000
0.002268
0.000000
0.000000
0.000000
0.000010
0.000000
0.000000
0.000000
0.000234
0.000051
0.000061
0.019928
0.612050
0.012512
0.011169
0.022064
0.115712
0.042725
0.000234
0.000000
0.000285
0.004567
0.003632
0.001444
0.086517
0.054657
0.022420
0.002553
0.006327
0.000000
0.000987
0.000000
0.000132
0.000000
0.000010
0.000000
0.000000
0.000000
0.000000
0.000000
0.000000
0.000000
0.000000
0.000000
0.000000
0.000000
0.000000
0.000000
0.461904
0.027008
0.000081
0.000031
0.000020
0.000010
0.000010
0.000000
0.008209
0.002472
0.165914
0.284403
0.005717
0.000061
0.003428
0.000000
0.012685
0.000061
0.007212
0.000000
0.008057
0.000000
0.001668
0.000000
0.002319
0.000000
0.000000
0.000000
0.008219
0.000000
0.000000
0.000000
0.000509
0.000000
0.000000
0.000000
0.579132
0.020060
0.027720
0.039703
0.106242
0.120290
0.001007
0.000000
0.000000
0.000000
0.000000
0.000000
0.031484
0.042826
0.015696
0.008036
0.003916
0.003143
0.000264
0.000051
0.000366
0.000000
0.000061
0.000000
0.000000
0.000000
0.000000
0.000000
0.000000
0.000000
0.000000
0.000000
0.000000
0.000000
0.000000
0.000000
0.473551
0.000814
0.000020
0.000000
0.000000
0.000010
0.000000
0.000000
0.003387
0.000000
0.000336
0.000000
0.015971
0.004425
0.175822
0.262583
0.007619
0.002014
0.017019
0.036428
0.000000
0.000000
0.000000
0.000000
0.000000
0.000000
0.000000
0.000000
0.000000
0.000000
0.000000
0.000000
0.000000
0.000000
0.000000
0.000000
0.453939
0.003123
0.002584
0.001017
0.000692
0.000234
0.000153
0.000041
0.006724
0.002747
0.116852
0.071686
0.005636
0.000000
0.002563
0.000000
0.006510
0.000000
0.002146
0.000000
0.210409
0.000010
0.004445
0.000000
0.000000
0.000000
0.000000
0.000000
0.000000
0.000000
0.000000
0.000000
0.000895
0.004852
0.006337
0.096405
0.403605
0.006856
0.002238
0.003245
0.000092
0.000000
0.000000
0.000000
0.005096
0.029704
0.099792
0.399963
0.000407
0.000000
0.000000
0.000000
0.001343
0.000000
0.000102
0.000000
0.033600
0.000000
0.002177
0.000000
0.005330
0.000000
0.000000
0.000000
0.006215
0.000000
0.000000
0.000000
0.000234
0.000000
0.000000
0.000000
0.546438
0.001628
0.000000
0.000000
0.000000
0.000000
0.000000
0.000000
0.034098
0.124003
0.070587
0.204061
0.005259
0.005839
0.000041
0.003733
0.002024
0.000000
0.000000
0.000000
0.002289
0.000000
0.000000
0.000000
0.000000
0.000000
0.000000
0.000000
0.000000
0.000000
0.000000
0.000000
0.000000
0.000000
0.000000
0.000000
0.453898
0.000519
0.000010
0.000020
0.003255
0.009023
0.030782
0.002391
0.022624
0.074382
0.203186
0.018799
0.004873
0.049520
0.002665
0.020925
0.001943
0.006317
0.000000
0.002350
0.058207
0.000000
0.000498
0.000000
0.000000
0.000000
0.000000
0.000000
0.003642
0.000000
0.000000
0.000000
0.002858
0.021688
0.001801
0.003825
0.443990
0.000000
0.000000
0.000000
0.000000
0.000000
0.000000
0.000000
0.001424
0.000000
0.010529
0.004405
0.005371
0.003357
0.206980
0.323558
0.000000
0.000000
0.000081
0.000264
0.000041
0.000000
0.000000
0.000000
0.000000
0.000000
0.000000
0.000000
0.000000
0.000000
0.000000
0.000000
0.000000
0.000000
0.000000
0.000000
0.285166
0.032766
0.005046
0.005208
0.000081
0.000244
0.000000
0.000000
0.013611
0.000529
0.244537
0.172668
0.011668
0.000000
0.000590
0.000000
0.061666
0.000000
0.007192
0.000000
0.153839
0.000387
0.004506
0.000000
0.000000
0.000000
0.000000
0.000000
0.000000
0.000000
0.000000
0.000000
0.000132
0.000000
0.000051
0.000112
0.516866
0.001556
0.000000
0.000000
0.000000
0.000000
0.000010
0.000000
0.011678
0.042582
0.055033
0.269328
0.000610
0.010030
0.004445
0.014923
0.000671
0.000000
0.000315
0.000000
0.068502
0.000000
0.001536
0.000000
0.000000
0.000000
0.000000
0.000000
0.000000
0.000000
0.000000
0.000000
0.000376
0.001444
0.000031
0.000061
0.478628
0.004791
0.000020
0.000000
0.000000
0.000000
0.000000
0.000000
0.005707
0.008209
0.133820
0.165680
0.018463
0.002675
0.007762
0.158600
0.004059
0.000000
0.000000
0.003601
0.007111
0.000000
0.000000
0.000000
0.000875
0.000000
0.000000
0.000000
0.000000
0.000000
0.000000
0.000000
0.000000
0.000000
0.000000
0.000000
0.467489
0.000193
0.000000
0.000000
0.000000
0.000000
0.000000
0.000000
0.001841
0.001027
0.281128
0.053101
0.000224
0.000000
0.000010
0.000000
0.000214
0.000000
0.000010
0.000000
0.123586
0.000000
0.011444
0.000000
0.000000
0.000000
0.000000
0.000000
0.000000
0.000000
0.000000
0.000000
0.002960
0.000590
0.033325
0.022858
0.521617
0.005564
0.001434
0.000743
0.000427
0.000621
0.000153
0.000000
0.133748
0.201131
0.014638
0.004028
0.025380
0.032796
0.014364
0.022410
0.003245
0.000427
0.002157
0.000000
0.005493
0.000020
0.001424
0.000000
0.004598
0.000000
0.000000
0.000000
0.000264
0.000000
0.000000
0.000000
0.002492
0.000804
0.000020
0.000000
0.373505
0.000000
0.000000
0.000000
0.000000
0.000000
0.000000
0.000000
0.000224
0.000020
0.242605
0.047963
0.001058
0.000844
0.053090
0.042124
0.002075
0.000000
0.002858
0.000000
0.232534
0.000000
0.001099
0.000000
0.000000
0.000000
0.000000
0.000000
0.000000
0.000000
0.000000
0.000000
0.000000
0.000000
0.000000
0.000000
0.031504
0.004913
0.000397
0.000193
0.000173
0.000224
0.000112
0.000010
0.007701
0.000417
0.073883
0.000570
0.002279
0.000000
0.000000
0.000000
0.003103
0.000000
0.000000
0.000000
0.461945
0.000000
0.067393
0.000000
0.000000
0.000000
0.000000
0.000000
0.000000
0.000000
0.000000
0.000000
0.035889
0.099325
0.175354
0.034617
0.497925
0.001973
0.002950
0.000031
0.000000
0.000000
0.000000
0.000000
0.000203
0.000000
0.000051
0.000000
0.000600
0.000275
0.067546
0.173859
0.007070
0.002909
0.059336
0.147725
0.021474
0.000000
0.000153
0.000000
0.007924
0.000000
0.000000
0.000000
0.007996
0.000000
0.000000
0.000000
0.000000
0.000000
0.000000
0.000000
0.556142
0.031474
0.030090
0.049459
0.108816
0.089488
0.004547
0.000041
0.000000
0.000000
0.000000
0.000000
0.012004
0.024465
0.003520
0.000081
0.038116
0.019409
0.007782
0.000000
0.014384
0.000041
0.007456
0.000000
0.000305
0.000000
0.000000
0.000000
0.002380
0.000000
0.000000
0.000000
0.000000
0.000000
0.000000
0.000000
0.287689
0.003265
0.000132
0.000000
0.000000
0.000000
0.000000
0.000000
0.033488
0.001099
0.243083
0.187642
0.044698
0.000000
0.025736
0.000000
0.045787
0.000000
0.023234
0.000000
0.090678
0.000000
0.013377
0.000000
0.000092
0.000000
0.000000
0.000000
0.000000
0.000000
0.000000
0.000000
0.000000
0.000000
0.000000
0.000000
0.585785
0.000651
0.000112
0.000000
0.000000
0.000010
0.000000
0.000000
0.000000
0.000000
0.000000
0.000000
0.001444
0.000529
0.034098
0.067596
0.013397
0.006246
0.032796
0.253815
0.002431
0.000000
0.000020
0.000000
0.000671
0.000000
0.000000
0.000000
0.000397
0.000000
0.000000
0.000000
0.000000
0.000000
0.000000
0.000000
0.566559
0.009023
0.002248
0.000732
0.000498
0.000051
0.000031
0.000010
0.002462
0.003937
0.092906
0.038411
0.000600
0.000000
0.000031
0.000000
0.001099
0.000000
0.000031
0.000000
0.083140
0.000000
0.005625
0.000000
0.055593
0.000000
0.000020
0.000000
0.027629
0.000000
0.000722
0.000000
0.000570
0.040090
0.007609
0.060374
0.198283
0.006775
0.000203
0.000010
0.000000
0.000000
0.000000
0.000000
0.011149
0.074331
0.061249
0.095469
0.006348
0.000000
0.001211
0.000000
0.009796
0.000000
0.000519
0.000000
0.442118
0.000000
0.059275
0.000000
0.026693
0.000000
0.000000
0.000000
0.006521
0.000000
0.000000
0.000000
0.000051
0.000000
0.000000
0.000000
0.526998
0.003550
0.004344
0.006337
0.006999
0.004211
0.000366
0.000000
0.000000
0.000000
0.000000
0.000000
0.009939
0.034098
0.017069
0.044484
0.106669
0.132579
0.019348
0.046499
0.017415
0.000000
0.019094
0.000000
0.000000
0.000000
0.000000
0.000000
0.000000
0.000000
0.000000
0.000000
0.000000
0.000000
0.000000
0.000000
0.508809
0.000000
0.000000
0.000000
0.000000
0.000000
0.000000
0.000000
0.004588
0.141256
0.081329
0.263336
0.000000
0.000000
0.000000
0.000000
0.000000
0.000000
0.000000
0.000000
0.000000
0.000000
0.000000
0.000000
0.000000
0.000000
0.000000
0.000000
0.000000
0.000000
0.000000
0.000000
0.000031
0.000651
0.000000
0.000000
0.676768
0.000061
0.000041
0.000020
0.000000
0.000000
0.000000
0.000000
0.018473
0.130025
0.050151
0.109009
0.000000
0.006643
0.000031
0.005981
0.000000
0.000000
0.000000
0.000000
0.002696
0.000000
0.000000
0.000000
0.000102
0.000000
0.000000
0.000000
0.000000
0.000000
0.000000
0.000000
0.000000
0.000000
0.000000
0.000000
0.448425
0.003611
0.000132
0.000000
0.000000
0.000000
0.000000
0.000000
0.006195
0.026642
0.308055
0.039683
0.000315
0.000000
0.000000
0.000000
0.000102
0.000000
0.000000
0.000000
0.136119
0.000000
0.000000
0.000000
0.030701
0.000000
0.000000
0.000000
0.000010
0.000000
0.000000
0.000000
0.000010
0.000000
0.000000
0.000000
0.589854
0.028117
0.015391
0.003510
0.016398
0.044017
0.029968
0.000020
0.137075
0.021484
0.000580
0.000000
0.002024
0.000000
0.000295
0.000000
0.003347
0.000000
0.000173
0.000000
0.050852
0.000000
0.006510
0.000000
0.000020
0.000000
0.000000
0.000000
0.000153
0.000000
0.000000
0.000000
0.028178
0.022034
0.000000
0.000000
0.576457
0.006887
0.000783
0.000051
0.000102
0.000071
0.000183
0.000112
0.014943
0.008474
0.036153
0.031860
0.008270
0.000102
0.000692
0.000000
0.017507
0.000000
0.001597
0.000000
0.059509
0.000000
0.002045
0.000000
0.000000
0.000000
0.000000
0.000000
0.000122
0.000000
0.000000
0.000000
0.047129
0.093496
0.045197
0.048258
0.597941
0.000397
0.000132
0.000458
0.000142
0.000020
0.000000
0.000000
0.000031
0.000224
0.034068
0.000651
0.021250
0.014496
0.171977
0.130046
0.013814
0.002401
0.006561
0.000356
0.004761
0.000000
0.000000
0.000000
0.000275
0.000000
0.000000
0.000000
0.000000
0.000000
0.000000
0.000000
0.000000
0.000000
0.000000
0.000000
0.149658
0.001302
0.001160
0.001963
0.001434
0.000956
0.001099
0.000203
0.009959
0.000651
0.087046
0.000081
0.011271
0.000000
0.006643
0.000000
0.033071
0.000000
0.018890
0.000000
0.223399
0.000000
0.082458
0.000000
0.000000
0.000000
0.000000
0.000000
0.000000
0.000000
0.000000
0.000000
0.127991
0.104543
0.127035
0.009186
0.614716
0.001912
0.000366
0.000020
0.000051
0.001485
0.000264
0.000000
0.013316
0.076843
0.161540
0.010122
0.002808
0.011749
0.005046
0.017721
0.003794
0.000000
0.000437
0.000000
0.053609
0.000000
0.016205
0.000000
0.000000
0.000000
0.000000
0.000000
0.000000
0.000000
0.000000
0.000000
0.000773
0.006551
0.000336
0.000336
0.715068
0.019185
0.020386
0.025981
0.043813
0.083232
0.039256
0.000000
0.000000
0.000031
0.000000
0.000000
0.008209
0.024719
0.001740
0.000234
0.000234
0.000000
0.000000
0.000000
0.015310
0.000000
0.000000
0.000000
0.002462
0.000000
0.000000
0.000000
0.000142
0.000000
0.000000
0.000000
0.000000
0.000000
0.000000
0.000000
0.484131
0.022522
0.000407
0.000041
0.000000
0.000000
0.000000
0.000000
0.040812
0.001770
0.394999
0.003916
0.000458
0.000000
0.000000
0.000000
0.003387
0.000000
0.000000
0.000000
0.039581
0.000000
0.000041
0.000000
0.003957
0.000000
0.000000
0.000000
0.000000
0.000000
0.000000
0.000000
0.003937
0.000000
0.000041
0.000000
0.649963
0.003194
0.001078
0.001312
0.002726
0.002340
0.000010
0.000000
0.000000
0.000000
0.000000
0.000000
0.002248
0.017192
0.009043
0.048920
0.117971
0.102346
0.018280
0.023193
0.000183
0.000000
0.000000
0.000000
0.000000
0.000000
0.000000
0.000000
0.000000
0.000000
0.000000
0.000000
0.000000
0.000000
0.000000
0.000000
0.643606
0.002075
0.000671
0.000488
0.000010
0.000000
0.000000
0.000000
0.010071
0.043630
0.217183
0.051463
0.011536
0.001923
0.000478
0.000000
0.006531
0.000000
0.002096
0.000000
0.006449
0.000000
0.001251
0.000000
0.000000
0.000000
0.000000
0.000000
0.000498
0.000000
0.000000
0.000000
0.000041
0.000000
0.000000
0.000000
0.655792
0.000000
0.000000
0.000000
0.000000
0.000000
0.000000
0.000000
0.090047
0.060364
0.137980
0.005981
0.000000
0.000000
0.000000
0.000000
0.000000
0.000000
0.000000
0.000000
0.000000
0.000000
0.000000
0.000000
0.000000
0.000000
0.000000
0.000000
0.000000
0.000000
0.000000
0.000000
0.012349
0.037079
0.000407
0.000000
0.650513
0.008586
0.009939
0.019582
0.012685
0.036692
0.025655
0.000051
0.043386
0.051219
0.029612
0.000142
0.000234
0.000000
0.000010
0.000000
0.004303
0.000000
0.001078
0.000000
0.021800
0.000000
0.003011
0.000000
0.003560
0.000000
0.000000
0.000000
0.002686
0.000000
0.000000
0.000000
0.035950
0.038869
0.000437
0.000000
0.669841
0.000031
0.000000
0.000000
0.000000
0.000010
0.000244
0.000031
0.002797
0.036224
0.251017
0.015198
0.000142
0.000142
0.000102
0.000051
0.000092
0.000000
0.000010
0.000000
0.017192
0.000000
0.000682
0.000000
0.000000
0.000000
0.000000
0.000000
0.000000
0.000000
0.000000
0.000000
0.000153
0.003693
0.002218
0.000132
0.595408
0.000071
0.000000
0.000000
0.000000
0.000000
0.000000
0.000000
0.001963
0.000661
0.313955
0.023326
0.000020
0.000000
0.000000
0.000000
0.000071
0.000000
0.000000
0.000000
0.011485
0.000000
0.000000
0.000000
0.000000
0.000000
0.000000
0.000000
0.000000
0.000000
0.000000
0.000000
0.001729
0.000041
0.037354
0.013916
0.697530
0.001444
0.002035
0.003184
0.003520
0.000254
0.000000
0.000000
0.089101
0.031972
0.058797
0.000692
0.000366
0.000000
0.000000
0.000000
0.001455
0.000000
0.000834
0.000000
0.002157
0.000000
0.003347
0.000000
0.000000
0.000000
0.000000
0.000000
0.000051
0.000000
0.000000
0.000000
0.083761
0.018829
0.000671
0.000000
0.649078
0.000397
0.000000
0.000000
0.000000
0.000000
0.000041
0.000203
0.003347
0.036397
0.089874
0.055003
0.000264
0.000000
0.000061
0.000102
0.000051
0.000000
0.000000
0.000000
0.000600
0.000000
0.000000
0.000000
0.006724
0.000000
0.000000
0.000000
0.003428
0.000000
0.000000
0.000000
0.002106
0.083252
0.025187
0.043884
0.489482
0.002838
0.000000
0.000000
0.000000
0.000000
0.000000
0.000000
0.074443
0.070353
0.088043
0.222778
0.015188
0.006002
0.007416
0.003092
0.003723
0.000010
0.001180
0.000000
0.015432
0.000000
0.000000
0.000000
0.000000
0.000000
0.000000
0.000000
0.000000
0.000000
0.000000
0.000000
0.000020
0.000000
0.000000
0.000000
0.269246
0.041656
0.038361
0.014384
0.005412
0.000031
0.000041
0.000010
0.020172
0.001434
0.248474
0.007558
0.003815
0.000102
0.000834
0.000000
0.008443
0.000000
0.002411
0.000000
0.303294
0.000000
0.011800
0.000000
0.019165
0.000000
0.000000
0.000000
0.001719
0.000000
0.000000
0.000000
0.001577
0.000000
0.000061
0.000000
0.136414
0.002675
0.000203
0.000000
0.000000
0.000000
0.000010
0.000010
0.077169
0.034810
0.592143
0.075083
0.002309
0.000061
0.003072
0.000743
0.000437
0.000000
0.000000
0.000000
0.033101
0.000000
0.000071
0.000000
0.000529
0.000000
0.000000
0.000000
0.000000
0.000000
0.000000
0.000000
0.023824
0.003438
0.007355
0.006541
0.250071
0.008870
0.000722
0.000488
0.000366
0.000010
0.000010
0.000000
0.058034
0.010966
0.220195
0.131968
0.030202
0.000590
0.007629
0.000010
0.036662
0.000000
0.005442
0.000000
0.227976
0.000000
0.003581
0.000000
0.006205
0.000000
0.000000
0.000000
0.000000
0.000000
0.000000
0.000000
0.000000
0.000000
0.000000
0.000000
0.435944
0.000417
0.000031
0.000132
0.000122
0.000071
0.000000
0.000000
0.002411
0.000743
0.020192
0.000244
0.014170
0.004537
0.052053
0.039846
0.114695
0.089213
0.048645
0.104889
0.011169
0.000000
0.060476
0.000000
0.000000
0.000000
0.000000
0.000000
0.000000
0.000000
0.000000
0.000000
0.000000
0.000000
0.000000
0.000000
0.593913
0.003530
0.001170
0.001536
0.003072
0.003916
0.003835
0.001007
0.058777
0.159566
0.018768
0.011210
0.001048
0.000000
0.000010
0.000000
0.001058
0.000000
0.000031
0.000000
0.040639
0.000000
0.001851
0.000000
0.001007
0.000000
0.000000
0.000000
0.000010
0.000000
0.000000
0.000000
0.025167
0.068868
0.000010
0.000000
0.317841
0.006246
0.001485
0.000031
0.000000
0.000000
0.000000
0.000000
0.006165
0.000885
0.061646
0.200256
0.002675
0.000061
0.000387
0.000000
0.003611
0.000010
0.000580
0.000000
0.365519
0.000000
0.011200
0.000000
0.000346
0.000000
0.000000
0.000000
0.000000
0.000000
0.000000
0.000000
0.000031
0.000478
0.000031
0.020518
0.428935
0.009847
0.001363
0.000031
0.000010
0.000020
0.000000
0.000000
0.012807
0.002981
0.118510
0.297526
0.020762
0.000071
0.003550
0.001180
0.027883
0.000061
0.006337
0.000000
0.063599
0.000000
0.003967
0.000000
0.000448
0.000000
0.000000
0.000000
0.000112
0.000000
0.000000
0.000000
0.000000
0.000000
0.000000
0.000000
0.385040
0.061808
0.003001
0.000254
0.000132
0.000041
0.000132
0.000041
0.013682
0.001963
0.145915
0.072266
0.002421
0.000000
0.000031
0.000000
0.002523
0.000000
0.000010
0.000000
0.092763
0.000000
0.000682
0.000000
0.003367
0.000000
0.000000
0.000000
0.000936
0.000000
0.000000
0.000000
0.058675
0.102865
0.019440
0.032013
0.616241
0.000061
0.000010
0.000010
0.000000
0.000000
0.000010
0.000010
0.000000
0.000000
0.002126
0.000854
0.017039
0.003296
0.030111
0.110687
0.035227
0.018046
0.020213
0.116119
0.023733
0.000000
0.005788
0.000000
0.000417
0.000000
0.000000
0.000000
0.000000
0.000000
0.000000
0.000000
0.000000
0.000000
0.000000
0.000000
0.092112
0.014720
0.030538
0.029836
0.048238
0.014547
0.005178
0.000549
0.019562
0.001404
0.077952
0.022837
0.048615
0.001109
0.016754
0.001455
0.112162
0.000824
0.066325
0.000010
0.305379
0.000142
0.086100
0.000000
0.003601
0.000000
0.000000
0.000000
0.000051
0.000000
0.000000
0.000000
0.000000
0.000000
0.000000
0.000000
0.227702
0.085897
0.003143
0.003153
0.003510
0.003896
0.001689
0.000000
0.004618
0.000081
0.219604
0.059733
0.001272
0.000153
0.000020
0.000000
0.007222
0.000020
0.008921
0.000000
0.082926
0.001851
0.001841
0.000000
0.001536
0.000000
0.000000
0.000000
0.251048
0.000000
0.000000
0.000000
0.015330
0.000000
0.007975
0.006856
0.649007
0.062103
0.003571
0.003723
0.004812
0.003947
0.001282
0.000153
0.003215
0.000092
0.230530
0.000000
0.001200
0.000224
0.000000
0.000000
0.012136
0.001984
0.000458
0.000000
0.018941
0.002035
0.000580
0.000000
0.000000
0.000000
0.000000
0.000000
0.000000
0.000000
0.000000
0.000000
0.000010
0.000000
0.000000
0.000000
0.616516
0.000000
0.000092
0.000712
0.001851
0.000264
0.000000
0.000000
0.000020
0.000000
0.000081
0.000000
0.004100
0.004557
0.035116
0.067352
0.010356
0.015533
0.036051
0.118062
0.061676
0.000000
0.027659
0.000000
0.000000
0.000000
0.000000
0.000000
0.000000
0.000000
0.000000
0.000000
0.000000
0.000000
0.000000
0.000000
0.075511
0.013601
0.003886
0.004700
0.007416
0.002543
0.001078
0.000193
0.033142
0.000661
0.206807
0.058167
0.040863
0.001953
0.012065
0.000000
0.151133
0.001658
0.040700
0.000000
0.292369
0.000580
0.050975
0.000000
0.000000
0.000000
0.000000
0.000000
0.000000
0.000000
0.000000
0.000000
0.000000
0.000000
0.000000
0.000000
0.627828
0.010132
0.000773
0.001017
0.000987
0.000275
0.000031
0.000020
0.005941
0.027100
0.009389
0.014181
0.006317
0.000173
0.000458
0.000000
0.014832
0.000000
0.001587
0.000000
0.208008
0.000000
0.012156
0.000000
0.013540
0.000000
0.000000
0.000000
0.000000
0.000000
0.000000
0.000000
0.006927
0.029958
0.001882
0.006490
0.571014
0.003784
0.000142
0.000000
0.000010
0.000000
0.000010
0.000000
0.012441
0.039988
0.016357
0.033498
0.006744
0.000763
0.002777
0.000000
0.014679
0.000000
0.002167
0.000000
0.279083
0.000000
0.000539
0.000000
0.015259
0.000000
0.000000
0.000000
0.000000
0.000000
0.000000
0.000000
0.000000
0.000743
0.000000
0.000000
0.167257
0.081390
0.068278
0.059102
0.008087
0.002838
0.000163
0.000000
0.040619
0.011851
0.020345
0.000854
0.011719
0.000010
0.000570
0.000000
0.032837
0.000041
0.001038
0.000000
0.276103
0.000051
0.001129
0.000000
0.000956
0.000000
0.000000
0.000000
0.004344
0.000000
0.000000
0.000000
0.092194
0.083689
0.025167
0.009369
0.718496
0.000824
0.000559
0.001099
0.002462
0.002126
0.016164
0.008026
0.012461
0.027303
0.007904
0.008270
0.007192
0.000153
0.000193
0.000000
0.029022
0.000132
0.007243
0.000000
0.063466
0.000621
0.045898
0.000000
0.000071
0.000000
0.000000
0.000000
0.000020
0.000000
0.000000
0.000000
0.001506
0.038635
0.000051
0.000102
0.639679
0.010600
0.010284
0.007090
0.034068
0.047434
0.002340
0.000092
0.007782
0.000326
0.014089
0.000000
0.056081
0.057027
0.020396
0.007406
0.043701
0.008647
0.008616
0.000244
0.012207
0.000000
0.000285
0.000000
0.000997
0.000000
0.000000
0.000000
0.008219
0.000000
0.000000
0.000000
0.002391
0.000000
0.000000
0.000000
0.561249
0.051514
0.013387
0.004608
0.001180
0.000692
0.000387
0.000407
0.055328
0.004628
0.006744
0.000000
0.011556
0.006195
0.003510
0.000224
0.000519
0.001129
0.000916
0.000244
0.000041
0.000000
0.000000
0.000000
0.006490
0.000000
0.000000
0.000000
0.175547
0.000000
0.000020
0.000000
0.034424
0.011780
0.043060
0.004222
0.557922
0.000956
0.000051
0.000031
0.000041
0.000061
0.000020
0.000051
0.048024
0.219381
0.055288
0.050710
0.006134
0.000081
0.001465
0.000000
0.003988
0.000000
0.000682
0.000000
0.019287
0.000000
0.034210
0.000000
0.000366
0.000000
0.000000
0.000000
0.000295
0.000000
0.000000
0.000000
0.000010
0.000946
0.000000
0.000000
0.559998
0.000987
0.000010
0.000000
0.000000
0.000000
0.000875
0.001190
0.004537
0.026825
0.389913
0.014384
0.000000
0.000000
0.000000
0.000000
0.000000
0.000000
0.000000
0.000000
0.000183
0.000000
0.000000
0.000000
0.000071
0.000000
0.000000
0.000000
0.000000
0.000000
0.000000
0.000000
0.000010
0.001017
0.000000
0.000000
0.295410
0.026215
0.042185
0.103536
0.164581
0.089427
0.002380
0.000061
0.065460
0.010640
0.002360
0.000000
0.029673
0.007253
0.015259
0.001363
0.000702
0.000020
0.000061
0.000000
0.000000
0.000000
0.000000
0.000000
0.000000
0.000000
0.000000
0.000000
0.002920
0.000275
0.000000
0.000000
0.134857
0.004842
0.000519
0.000000
0.374023
0.020345
0.005259
0.001394
0.000692
0.000234
0.000224
0.000712
0.020274
0.017365
0.055105
0.019277
0.008881
0.002024
0.002797
0.004018
0.010691
0.000203
0.001526
0.000020
0.150065
0.000000
0.010335
0.000000
0.004893
0.000000
0.000000
0.000000
0.001017
0.000000
0.000000
0.000000
0.025818
0.056071
0.097321
0.109416
0.331736
0.034037
0.017985
0.036001
0.033417
0.005747
0.061351
0.023610
0.081197
0.005208
0.097982
0.000387
0.012563
0.000824
0.000997
0.000000
0.016113
0.000661
0.002096
0.000000
0.165833
0.000254
0.015310
0.000000
0.007772
0.000000
0.000000
0.000000
0.023692
0.020315
0.000102
0.000000
0.003815
0.000448
0.000549
0.000000
0.458649
0.043070
0.049998
0.053630
0.029836
0.005259
0.013845
0.001963
0.093323
0.001383
0.198263
0.000010
0.012288
0.000356
0.000509
0.000000
0.010935
0.000224
0.000580
0.000000
0.017497
0.000010
0.000071
0.000000
0.001292
0.000000
0.000000
0.000000
0.000509
0.000000
0.000000
0.000000
0.004272
0.000458
0.001770
0.000000
0.403880
0.082825
0.022034
0.011871
0.051097
0.077637
0.002279
0.000997
0.083628
0.005473
0.014191
0.000254
0.020518
0.001912
0.002309
0.000000
0.057373
0.005422
0.006887
0.000051
0.139069
0.000020
0.004476
0.000000
0.001302
0.000000
0.000000
0.000000
0.002411
0.000000
0.000000
0.000000
0.001333
0.000224
0.000488
0.000041
0.298757
0.057922
0.015198
0.017436
0.020172
0.014954
0.132497
0.004395
0.106852
0.004832
0.127920
0.000173
0.009003
0.000234
0.000326
0.000000
0.013845
0.000407
0.001048
0.000000
0.160055
0.000153
0.005300
0.000000
0.002777
0.000000
0.000000
0.000000
0.001383
0.000000
0.000000
0.000000
0.003754
0.000254
0.000356
0.000000
0.269094
0.022898
0.012177
0.010030
0.008596
0.006673
0.007436
0.003866
0.067312
0.002818
0.120514
0.000539
0.008250
0.000793
0.000763
0.000244
0.014069
0.002380
0.001719
0.000010
0.392171
0.004537
0.021729
0.000000
0.009094
0.000000
0.000000
0.000000
0.008535
0.000000
0.000010
0.000000
0.003092
0.000153
0.000498
0.000000
0.545115
0.009806
0.002431
0.001943
0.001373
0.001048
0.000966
0.000254
0.027252
0.011963
0.034505
0.002126
0.004842
0.000193
0.001292
0.000081
0.002869
0.000010
0.000092
0.000000
0.011932
0.000000
0.000102
0.000000
0.000427
0.000000
0.000000
0.000000
0.000244
0.000010
0.000000
0.000000
0.073639
0.038818
0.197601
0.029063
0.279409
0.068542
0.034373
0.016876
0.003896
0.000844
0.001109
0.001048
0.088623
0.020467
0.156942
0.036458
0.021454
0.000020
0.002828
0.000000
0.024516
0.000000
0.005880
0.000000
0.119690
0.000000
0.005137
0.000000
0.000651
0.000000
0.000000
0.000000
0.000020
0.000000
0.000000
0.000000
0.018036
0.045532
0.016469
0.031179
0.312897
0.042786
0.021006
0.015818
0.016866
0.016551
0.003337
0.001007
0.095286
0.009827
0.034953
0.001577
0.012848
0.000092
0.000315
0.000000
0.015656
0.000092
0.000916
0.000000
0.174744
0.001567
0.011658
0.000000
0.003001
0.000000
0.000010
0.000000
0.002197
0.000275
0.000061
0.000000
0.082163
0.038035
0.075358
0.009104
0.213450
0.028422
0.013041
0.010050
0.009420
0.006297
0.003713
0.002736
0.072988
0.019826
0.425415
0.017771
0.026255
0.004842
0.005259
0.000244
0.022410
0.005280
0.002940
0.000031
0.092834
0.002350
0.004120
0.000000
0.006877
0.000061
0.000000
0.000000
0.001048
0.000000
0.000000
0.000000
0.000793
0.000509
0.000468
0.000549
