0.010719
0.006070
0.017552
0.023447
0.001474
0.002123
0.004555
0.000557
0.003298
0.045358
0.019067
0.002195
0.006204
0.004009
0.002690
0.000216
0.000330
0.000474
0.000381
0.213145
0.004648
0.004009
0.001474
0.002979
0.002824
0.000876
0.000402
0.000340
0.000886
0.000000
0.000010
0.001010
0.138104
0.086192
0.005246
0.006143
0.004854
0.002082
0.000392
0.000278
0.000526
0.000330
0.105928
0.004112
0.002257
0.005431
0.001371
0.000732
0.030744
0.057252
0.164705
0.010853
0.007585
0.017170
0.024931
0.001896
0.002340
0.004442
0.000608
0.002690
0.052779
0.026157
0.002741
0.006483
0.004081
0.002618
0.000350
0.000546
0.000484
0.000392
0.297512
0.004751
0.004823
0.001381
0.002917
0.002329
0.001103
0.000680
0.000495
0.000989
0.000031
0.000072
0.001072
0.145102
0.105794
0.004679
0.007472
0.004844
0.002010
0.000536
0.000258
0.000567
0.000474
0.092839
0.004164
0.002484
0.006246
0.001360
0.000917
0.030331
0.038288
0.064332
0.010667
0.006081
0.015130
0.020716
0.001381
0.002236
0.004617
0.000567
0.003535
0.041823
0.016851
0.002113
0.005236
0.004452
0.002504
0.000206
0.000587
0.000464
0.000330
0.240683
0.005133
0.004916
0.001309
0.002968
0.002236
0.000804
0.000773
0.000433
0.000886
0.000010
0.000041
0.001226
0.152688
0.088737
0.004906
0.006926
0.005339
0.001907
0.000526
0.000227
0.000505
0.000350
0.103187
0.004473
0.002401
0.005906
0.001731
0.001041
0.032084
0.058035
0.128118
0.012357
0.006462
0.017232
0.023406
0.001257
0.002731
0.004772
0.000484
0.003236
0.038989
0.019149
0.002855
0.005854
0.004648
0.002937
0.000278
0.000464
0.000505
0.000340
0.185606
0.004762
0.004535
0.001463
0.003350
0.002566
0.001443
0.000546
0.000371
0.000969
0.000021
0.000052
0.001494
0.116709
0.071598
0.004885
0.008029
0.005246
0.002236
0.000423
0.000165
0.000598
0.000258
0.088449
0.004174
0.002391
0.006266
0.001608
0.001062
0.031682
0.049604
0.249485
0.011059
0.006246
0.017706
0.021169
0.001505
0.002412
0.004895
0.000515
0.003587
0.033640
0.014913
0.001907
0.005514
0.004390
0.002350
0.000289
0.000381
0.000546
0.000423
0.141495
0.004133
0.004669
0.001422
0.002824
0.002638
0.001051
0.000742
0.000567
0.001175
0.000052
0.000041
0.001144
0.097219
0.055293
0.004638
0.005514
0.004762
0.001865
0.000495
0.000144
0.000495
0.000330
0.089551
0.004050
0.002082
0.005401
0.001556
0.000701
0.031331
0.059467
0.339706
0.010657
0.006689
0.018830
0.027446
0.001206
0.002329
0.004380
0.000680
0.002906
0.057087
0.027374
0.002133
0.006771
0.004421
0.002484
0.000258
0.000350
0.000495
0.000350
0.296811
0.004844
0.004885
0.001567
0.002690
0.002659
0.001226
0.000505
0.000278
0.000804
0.000052
0.000021
0.001123
0.138001
0.110422
0.004803
0.006204
0.005060
0.002092
0.000423
0.000186
0.000495
0.000237
0.099188
0.003566
0.002102
0.004772
0.001639
0.001123
0.033836
0.033588
0.057952
0.010822
0.006441
0.017098
0.023251
0.001134
0.002185
0.004329
0.000546
0.002855
0.044327
0.021344
0.002566
0.005936
0.003782
0.002432
0.000196
0.000495
0.000505
0.000206
0.246413
0.004566
0.004298
0.001711
0.002607
0.002164
0.001103
0.000474
0.000371
0.000783
0.000000
0.000021
0.001330
0.138249
0.091056
0.004535
0.005988
0.004360
0.002051
0.000289
0.000196
0.000392
0.000412
0.100322
0.003700
0.002020
0.005133
0.001453
0.000835
0.030177
0.051738
0.140805
0.010028
0.005019
0.018180
0.024550
0.000721
0.001938
0.004153
0.000247
0.002886
0.044884
0.021396
0.001690
0.005370
0.003772
0.002484
0.000082
0.000247
0.000278
0.000165
0.280919
0.003432
0.003659
0.001330
0.003071
0.002628
0.001288
0.000474
0.000206
0.000412
0.000000
0.000000
0.001216
0.140135
0.095890
0.003566
0.005040
0.004287
0.002010
0.000124
0.000124
0.000278
0.000206
0.087655
0.002195
0.001608
0.004349
0.001031
0.000742
0.029486
0.040906
0.133642
0.015758
0.008750
0.021901
0.025086
0.001876
0.003339
0.006575
0.000969
0.003844
0.041637
0.017613
0.003020
0.007585
0.005823
0.004349
0.000464
0.000598
0.000886
0.000577
0.226533
0.006184
0.005875
0.001670
0.004349
0.003494
0.001577
0.000969
0.000701
0.001463
0.000062
0.000031
0.001804
0.129478
0.083770
0.006081
0.011224
0.007472
0.002989
0.000660
0.000412
0.000732
0.000526
0.096725
0.005215
0.003576
0.009296
0.002412
0.001412
0.040287
0.053696
0.118677
0.010152
0.005277
0.015387
0.020015
0.000989
0.002236
0.004071
0.000546
0.003051
0.035660
0.014954
0.001958
0.005359
0.004071
0.002793
0.000175
0.000381
0.000289
0.000361
0.179618
0.003803
0.004184
0.001463
0.002958
0.002556
0.000979
0.000536
0.000402
0.000845
0.000000
0.000010
0.001206
0.117883
0.073958
0.003906
0.005648
0.004782
0.001824
0.000319
0.000278
0.000557
0.000319
0.096034
0.003865
0.001824
0.005534
0.001330
0.000742
0.029796
0.056004
0.269108
0.007719
0.004143
0.014398
0.019293
0.000691
0.001938
0.003628
0.000268
0.003030
0.045059
0.017428
0.001556
0.004617
0.003896
0.002041
0.000103
0.000412
0.000330
0.000268
0.285351
0.003906
0.003813
0.001144
0.002422
0.002123
0.000876
0.000392
0.000175
0.000536
0.000000
0.000021
0.001062
0.142742
0.106124
0.003968
0.004514
0.004524
0.001505
0.000206
0.000134
0.000309
0.000186
0.097075
0.003391
0.001567
0.004102
0.001433
0.000577
0.028919
0.049006
0.117080
0.013007
0.006895
0.019396
0.019695
0.001134
0.002474
0.005555
0.000649
0.003896
0.033320
0.014583
0.002474
0.006668
0.004112
0.003051
0.000381
0.000340
0.000598
0.000443
0.160675
0.004463
0.004184
0.001257
0.003257
0.002474
0.001092
0.000742
0.000350
0.001062
0.000041
0.000052
0.001226
0.107433
0.061590
0.004277
0.007101
0.004978
0.001865
0.000505
0.000186
0.000526
0.000361
0.091252
0.004576
0.002133
0.006545
0.001701
0.000979
0.033279
0.061601
0.289566
0.012945
0.009399
0.017603
0.028682
0.001907
0.003009
0.005452
0.000721
0.002319
0.040689
0.023437
0.003607
0.007441
0.004133
0.002875
0.000330
0.000464
0.000453
0.000299
0.182762
0.004916
0.005050
0.001618
0.002906
0.002948
0.001381
0.000608
0.000464
0.001020
0.000031
0.000031
0.001247
0.121501
0.076287
0.005493
0.006833
0.004339
0.002638
0.000484
0.000268
0.000495
0.000330
0.101012
0.004019
0.002453
0.005483
0.001319
0.000618
0.026838
0.057097
0.211743
0.014645
0.009296
0.019159
0.022911
0.002102
0.003154
0.006390
0.000907
0.002690
0.031980
0.016191
0.003288
0.007462
0.003782
0.003504
0.000515
0.000361
0.000618
0.000505
0.134198
0.004555
0.004504
0.001463
0.003277
0.003092
0.001134
0.000649
0.000794
0.001371
0.000010
0.000041
0.001154
0.072227
0.049522
0.004463
0.008709
0.004926
0.002381
0.000608
0.000299
0.000660
0.000443
0.068248
0.004030
0.003143
0.007689
0.001659
0.001092
0.029394
0.048491
0.386311
0.009090
0.005761
0.015222
0.021849
0.000845
0.002133
0.003751
0.000567
0.002257
0.040215
0.018263
0.001845
0.005844
0.003587
0.002175
0.000144
0.000392
0.000206
0.000175
0.236354
0.003525
0.003710
0.001319
0.002133
0.002494
0.000989
0.000515
0.000237
0.000536
0.000010
0.000021
0.001103
0.129427
0.090428
0.003834
0.003968
0.003545
0.001680
0.000206
0.000186
0.000247
0.000289
0.093231
0.002690
0.001639
0.003741
0.000907
0.000639
0.024137
0.052645
0.199293
0.014078
0.007482
0.020272
0.026590
0.001206
0.003030
0.005545
0.000649
0.003113
0.038546
0.017438
0.002783
0.007812
0.004390
0.003525
0.000289
0.000453
0.000536
0.000340
0.150410
0.004566
0.003999
0.001628
0.003473
0.003216
0.001237
0.000629
0.000505
0.001092
0.000021
0.000052
0.001587
0.086552
0.061096
0.004906
0.006730
0.005906
0.002669
0.000330
0.000155
0.000649
0.000402
0.085903
0.003185
0.002927
0.006091
0.001546
0.001257
0.032218
0.052222
0.314765
0.008121
0.003772
0.012986
0.016500
0.000587
0.001608
0.003082
0.000495
0.003020
0.034949
0.011358
0.001154
0.004494
0.003360
0.002020
0.000144
0.000299
0.000340
0.000258
0.178402
0.003556
0.003514
0.001123
0.002803
0.002175
0.000907
0.000371
0.000216
0.000577
0.000052
0.000010
0.000989
0.149431
0.078627
0.003782
0.004926
0.004937
0.001350
0.000309
0.000082
0.000361
0.000155
0.111576
0.003432
0.001701
0.004143
0.001556
0.000629
0.027064
0.074649
0.228048
0.013244
0.008173
0.019994
0.023746
0.001494
0.002463
0.006277
0.000742
0.003020
0.034681
0.016459
0.002762
0.007761
0.004298
0.003432
0.000453
0.000484
0.000804
0.000443
0.139527
0.004205
0.005060
0.001443
0.003535
0.003185
0.001257
0.000691
0.000464
0.001391
0.000031
0.000062
0.001196
0.080585
0.051655
0.004617
0.007122
0.005349
0.002401
0.000433
0.000340
0.000876
0.000557
0.073927
0.003710
0.002875
0.006936
0.001659
0.001092
0.033588
0.045966
0.363534
0.006668
0.003195
0.013707
0.018891
0.000629
0.001505
0.002896
0.000144
0.003288
0.041266
0.014357
0.001463
0.004432
0.003824
0.001835
0.000124
0.000268
0.000175
0.000186
0.219792
0.004050
0.004349
0.001041
0.002783
0.002133
0.000752
0.000361
0.000206
0.000402
0.000000
0.000010
0.001041
0.150678
0.085594
0.003927
0.004762
0.004947
0.001422
0.000186
0.000072
0.000206
0.000134
0.108690
0.003329
0.001247
0.003865
0.001381
0.000453
0.029816
0.061364
0.182154
0.017088
0.008863
0.026374
0.035402
0.001556
0.003628
0.006132
0.000680
0.003453
0.058241
0.028404
0.003370
0.008472
0.005967
0.004442
0.000227
0.000464
0.000649
0.000618
0.248062
0.005607
0.005916
0.002082
0.004174
0.004277
0.001845
0.000876
0.000515
0.001072
0.000021
0.000000
0.002061
0.116750
0.096941
0.005741
0.008472
0.007833
0.003618
0.000577
0.000247
0.000691
0.000361
0.101847
0.003350
0.002793
0.007194
0.001783
0.001350
0.041256
0.034918
0.073742
0.013780
0.007462
0.019757
0.027466
0.001165
0.002999
0.005349
0.000649
0.002772
0.049666
0.023179
0.002381
0.007431
0.004957
0.003710
0.000309
0.000484
0.000536
0.000340
0.209032
0.005009
0.005102
0.001536
0.003958
0.003432
0.001185
0.000557
0.000412
0.000783
0.000031
0.000031
0.001659
0.115936
0.084336
0.005297
0.006740
0.006957
0.002546
0.000423
0.000227
0.000495
0.000309
0.103547
0.004061
0.002917
0.006091
0.001608
0.001082
0.033733
0.055561
0.161015
0.013790
0.007379
0.020190
0.026199
0.001319
0.002927
0.005802
0.000474
0.003514
0.040359
0.019098
0.002783
0.007431
0.004658
0.003648
0.000392
0.000361
0.000464
0.000423
0.210640
0.004885
0.004988
0.001515
0.003494
0.003009
0.001350
0.000649
0.000618
0.001134
0.000000
0.000052
0.001639
0.129231
0.082337
0.005040
0.007132
0.005792
0.002711
0.000392
0.000258
0.000587
0.000361
0.097065
0.003700
0.002504
0.006545
0.001556
0.000979
0.031764
0.053582
0.173280
0.013450
0.008853
0.018386
0.021736
0.001680
0.002638
0.005967
0.000948
0.003009
0.032980
0.017923
0.003071
0.007235
0.003319
0.002896
0.000392
0.000402
0.000484
0.000474
0.155440
0.004597
0.004555
0.001422
0.003082
0.002206
0.000958
0.000670
0.000402
0.001175
0.000000
0.000010
0.001031
0.098271
0.056530
0.004524
0.010018
0.004442
0.001865
0.000536
0.000268
0.000453
0.000381
0.087768
0.004390
0.002638
0.008121
0.001556
0.001381
0.028507
0.068949
0.298007
0.011327
0.005947
0.016964
0.021149
0.000928
0.002175
0.004710
0.000691
0.002566
0.038731
0.016325
0.002072
0.005668
0.004050
0.003030
0.000186
0.000278
0.000402
0.000268
0.220988
0.004174
0.004236
0.001330
0.003020
0.002803
0.000886
0.000536
0.000392
0.001134
0.000021
0.000041
0.001247
0.155739
0.089232
0.004257
0.006091
0.004669
0.002267
0.000392
0.000237
0.000443
0.000381
0.105763
0.004195
0.002494
0.005380
0.001515
0.000938
0.030270
0.059282
0.148184
0.011213
0.006596
0.018603
0.024632
0.001206
0.002360
0.004720
0.000526
0.003267
0.045894
0.021509
0.002793
0.006895
0.004586
0.002834
0.000175
0.000453
0.000392
0.000340
0.276930
0.004586
0.004999
0.001536
0.002824
0.003040
0.001041
0.000608
0.000484
0.000876
0.000031
0.000021
0.001340
0.143835
0.098260
0.004483
0.007658
0.005225
0.002360
0.000381
0.000206
0.000402
0.000350
0.091705
0.003721
0.002175
0.006112
0.001670
0.001165
0.032444
0.042246
0.098291
0.009946
0.006287
0.014790
0.015604
0.001154
0.001999
0.004968
0.000660
0.002721
0.026126
0.010224
0.002072
0.005534
0.002906
0.002370
0.000196
0.000309
0.000443
0.000350
0.113421
0.003092
0.003195
0.000989
0.002113
0.002525
0.000794
0.000536
0.000536
0.000928
0.000062
0.000010
0.000845
0.070155
0.043410
0.003391
0.005617
0.003927
0.001515
0.000371
0.000196
0.000526
0.000423
0.062467
0.003133
0.002061
0.005339
0.001412
0.000897
0.023488
0.042946
0.491023
0.010348
0.005586
0.016717
0.022169
0.001031
0.002154
0.004277
0.000618
0.002783
0.043915
0.019561
0.002092
0.006060
0.004009
0.002659
0.000206
0.000412
0.000381
0.000340
0.241250
0.004226
0.004298
0.001165
0.003040
0.002783
0.001031
0.000546
0.000350
0.000897
0.000031
0.000000
0.001175
0.128241
0.084945
0.004318
0.007534
0.005297
0.001979
0.000433
0.000103
0.000443
0.000237
0.090015
0.003545
0.001917
0.006173
0.001649
0.000979
0.029610
0.049048
0.177423
0.012883
0.007142
0.019005
0.021633
0.001185
0.002638
0.005060
0.000670
0.003628
0.037247
0.014996
0.002319
0.006091
0.004071
0.003143
0.000258
0.000618
0.000660
0.000423
0.153956
0.004442
0.004535
0.001443
0.003370
0.002515
0.001082
0.000515
0.000649
0.001062
0.000010
0.000062
0.001185
0.114792
0.058169
0.004483
0.006895
0.005782
0.002340
0.000361
0.000350
0.000701
0.000392
0.093870
0.004184
0.002401
0.006462
0.002206
0.000938
0.032506
0.060055
0.284619
0.008472
0.004050
0.014346
0.017881
0.000763
0.001649
0.003947
0.000299
0.003123
0.036876
0.015058
0.001422
0.004834
0.004112
0.002278
0.000103
0.000258
0.000361
0.000155
0.213340
0.004092
0.003690
0.001371
0.002278
0.002195
0.000845
0.000330
0.000371
0.000660
0.000021
0.000010
0.000814
0.149050
0.084615
0.003679
0.004638
0.004267
0.001360
0.000155
0.000113
0.000371
0.000247
0.106505
0.003824
0.001360
0.004751
0.001257
0.000670
0.028219
0.058756
0.196160
0.011749
0.006864
0.015171
0.023096
0.001402
0.002979
0.004628
0.000526
0.002989
0.039762
0.019273
0.002618
0.005668
0.004102
0.002855
0.000309
0.000433
0.000505
0.000361
0.243157
0.004339
0.004442
0.001433
0.002906
0.002525
0.001268
0.000763
0.000412
0.000969
0.000010
0.000010
0.001154
0.112627
0.079657
0.004411
0.006421
0.004926
0.002030
0.000484
0.000237
0.000546
0.000268
0.084852
0.003700
0.002206
0.005648
0.001453
0.000928
0.027621
0.045307
0.208002
0.016768
0.008410
0.025209
0.030970
0.001453
0.003463
0.006359
0.000670
0.003813
0.045688
0.021870
0.003133
0.008379
0.005864
0.004463
0.000371
0.000618
0.000608
0.000433
0.189389
0.005545
0.005617
0.001783
0.004823
0.004823
0.001649
0.000639
0.000577
0.001237
0.000041
0.000000
0.001917
0.104279
0.079967
0.005833
0.009420
0.007689
0.003082
0.000412
0.000237
0.000639
0.000319
0.095807
0.003824
0.003071
0.008183
0.001814
0.001165
0.039277
0.048697
0.179701
0.009915
0.005009
0.015346
0.019458
0.000825
0.001865
0.004030
0.000433
0.003113
0.034526
0.014965
0.001690
0.005246
0.003350
0.002834
0.000186
0.000278
0.000361
0.000299
0.181587
0.003360
0.003906
0.001020
0.002319
0.002711
0.000742
0.000557
0.000227
0.000835
0.000000
0.000000
0.000969
0.109608
0.064064
0.003741
0.005504
0.004050
0.001628
0.000196
0.000072
0.000423
0.000196
0.088768
0.003102
0.001680
0.004813
0.001134
0.000907
0.026281
0.058715
0.303160
0.015408
0.010595
0.019427
0.028085
0.002577
0.003391
0.006441
0.000979
0.002886
0.043905
0.022334
0.003350
0.007544
0.004658
0.003370
0.000526
0.000618
0.000629
0.000464
0.205910
0.005194
0.005009
0.001989
0.003535
0.003113
0.001505
0.001072
0.000814
0.001824
0.000041
0.000041
0.001453
0.121357
0.084584
0.006101
0.007998
0.006235
0.002896
0.000649
0.000536
0.000701
0.000546
0.102208
0.004957
0.003308
0.007555
0.001999
0.001196
0.033063
0.057148
0.148277
0.006081
0.003525
0.012636
0.017016
0.000587
0.001422
0.002948
0.000268
0.002669
0.036556
0.015027
0.001330
0.004174
0.003051
0.001525
0.000062
0.000237
0.000216
0.000155
0.217690
0.003020
0.003298
0.000845
0.001824
0.001938
0.000618
0.000319
0.000134
0.000453
0.000010
0.000000
0.000773
0.124995
0.082368
0.003143
0.003813
0.003473
0.001299
0.000196
0.000082
0.000175
0.000144
0.084285
0.002762
0.001000
0.003360
0.001319
0.000608
0.023704
0.048512
0.274354
0.009750
0.004926
0.016016
0.022200
0.000897
0.002195
0.003679
0.000340
0.003257
0.045657
0.019551
0.001742
0.004617
0.004421
0.002422
0.000175
0.000639
0.000433
0.000258
0.255926
0.004184
0.004782
0.001608
0.002803
0.002360
0.001051
0.000639
0.000350
0.000886
0.000000
0.000021
0.001113
0.138826
0.095509
0.004308
0.006658
0.005153
0.002092
0.000299
0.000196
0.000402
0.000268
0.105526
0.004133
0.002102
0.005297
0.001618
0.000825
0.033423
0.054860
0.119605
0.018386
0.010317
0.022962
0.024725
0.001773
0.003597
0.007142
0.001247
0.003411
0.035114
0.016552
0.002979
0.009039
0.004999
0.004401
0.000453
0.000629
0.000567
0.000526
0.182452
0.005328
0.005009
0.001804
0.003566
0.003937
0.001268
0.000763
0.000825
0.001701
0.000031
0.000031
0.002113
0.136744
0.073113
0.005483
0.008029
0.005627
0.003195
0.000587
0.000484
0.000680
0.000557
0.101125
0.003813
0.003154
0.008049
0.001463
0.001196
0.032887
0.061910
0.174259
0.018582
0.009451
0.027899
0.038463
0.001865
0.003700
0.006967
0.000835
0.003339
0.052737
0.025725
0.003432
0.008822
0.005988
0.004978
0.000216
0.000639
0.000732
0.000526
0.179927
0.006287
0.006307
0.002453
0.004607
0.004390
0.001979
0.000773
0.000515
0.000969
0.000010
0.000031
0.001896
0.098126
0.080059
0.006039
0.009039
0.008090
0.003556
0.000402
0.000289
0.000763
0.000299
0.101971
0.003844
0.003123
0.007967
0.001876
0.001360
0.043761
0.048017
0.156378
0.013275
0.007843
0.019324
0.021128
0.001814
0.002875
0.006246
0.000763
0.003432
0.036897
0.014996
0.003154
0.007132
0.004133
0.003061
0.000319
0.000618
0.000691
0.000412
0.186493
0.004947
0.005194
0.001515
0.003164
0.002989
0.001206
0.000897
0.000587
0.001577
0.000010
0.000072
0.001360
0.110288
0.068671
0.005029
0.010729
0.005504
0.002164
0.000598
0.000350
0.000845
0.000423
0.084089
0.004401
0.002721
0.008863
0.002443
0.001092
0.034124
0.051264
0.248279
0.017428
0.009111
0.025755
0.030568
0.001814
0.003195
0.007256
0.000876
0.003989
0.046677
0.022066
0.003216
0.008822
0.005318
0.004308
0.000402
0.000453
0.000670
0.000371
0.205384
0.005596
0.005390
0.002072
0.004205
0.004205
0.001268
0.000886
0.000670
0.001422
0.000031
0.000021
0.001608
0.110762
0.081523
0.005720
0.009070
0.007369
0.003061
0.000639
0.000237
0.000886
0.000474
0.100383
0.004566
0.002886
0.007812
0.002030
0.001247
0.040164
0.055407
0.140712
0.011605
0.005710
0.018211
0.021684
0.000825
0.002133
0.004968
0.000577
0.003154
0.035856
0.014181
0.001989
0.006307
0.003731
0.003185
0.000175
0.000299
0.000402
0.000319
0.162530
0.003906
0.003422
0.001278
0.003370
0.003123
0.000989
0.000371
0.000330
0.000928
0.000000
0.000010
0.001340
0.115668
0.064693
0.003587
0.006998
0.004844
0.002267
0.000216
0.000093
0.000484
0.000165
0.102517
0.002731
0.002020
0.005627
0.001072
0.000979
0.028590
0.070052
0.270489
0.017593
0.010110
0.022375
0.024993
0.002041
0.003473
0.006988
0.001000
0.004112
0.034299
0.017253
0.003246
0.008812
0.005524
0.004081
0.000319
0.000598
0.000701
0.000618
0.133467
0.005163
0.005225
0.001670
0.004092
0.003628
0.001360
0.000876
0.000721
0.001412
0.000031
0.000052
0.001670
0.103991
0.051789
0.005421
0.009935
0.006225
0.002772
0.000577
0.000319
0.000783
0.000392
0.095168
0.004483
0.003411
0.008884
0.001567
0.001422
0.033166
0.071052
0.271138
0.011574
0.006081
0.016923
0.020221
0.001092
0.002102
0.004411
0.000423
0.003009
0.036206
0.015470
0.002072
0.005802
0.004092
0.002772
0.000289
0.000361
0.000557
0.000330
0.190347
0.004174
0.003989
0.001381
0.002731
0.002525
0.001041
0.000660
0.000402
0.001041
0.000010
0.000021
0.001412
0.125242
0.073762
0.004803
0.006318
0.005452
0.001556
0.000402
0.000299
0.000381
0.000412
0.100280
0.003772
0.002267
0.005689
0.001556
0.000608
0.029321
0.061209
0.233149
0.014501
0.008431
0.020716
0.023869
0.001536
0.003154
0.006204
0.000794
0.002875
0.037804
0.016810
0.003051
0.007524
0.004586
0.003772
0.000350
0.000587
0.000649
0.000423
0.200870
0.004937
0.004999
0.001453
0.003442
0.003061
0.001062
0.000814
0.000691
0.001216
0.000010
0.000052
0.001350
0.110473
0.075494
0.004844
0.007122
0.005277
0.002484
0.000412
0.000299
0.000825
0.000587
0.094540
0.004164
0.003071
0.006812
0.001659
0.001175
0.032815
0.061951
0.204405
0.005638
0.003071
0.010739
0.015150
0.000412
0.001567
0.002638
0.000206
0.002546
0.041163
0.014820
0.001020
0.003514
0.003484
0.001711
0.000031
0.000258
0.000175
0.000206
0.272612
0.003453
0.003628
0.000907
0.001989
0.001886
0.000670
0.000247
0.000103
0.000381
0.000000
0.000000
0.000938
0.183153
0.102300
0.003411
0.004009
0.003927
0.001278
0.000216
0.000062
0.000144
0.000041
0.101033
0.002937
0.001247
0.002927
0.001381
0.000350
0.023828
0.049810
0.122779
0.016439
0.009430
0.021932
0.023519
0.001824
0.003329
0.006916
0.000763
0.003494
0.035320
0.016016
0.003113
0.007287
0.004999
0.004019
0.000443
0.000752
0.000835
0.000742
0.160902
0.005133
0.004968
0.002123
0.003751
0.003463
0.001247
0.001051
0.000855
0.001670
0.000052
0.000082
0.001814
0.111442
0.071031
0.005648
0.007070
0.006534
0.003030
0.000495
0.000340
0.000866
0.000649
0.100383
0.005163
0.002927
0.007647
0.002030
0.001330
0.034650
0.059045
0.231438
0.018335
0.009915
0.022272
0.026147
0.002144
0.003432
0.007317
0.000773
0.003226
0.035000
0.019128
0.003298
0.008245
0.005349
0.004215
0.000536
0.000608
0.000814
0.000825
0.154914
0.005514
0.005122
0.001999
0.003803
0.003298
0.001474
0.001031
0.000691
0.001525
0.000052
0.000082
0.001690
0.113452
0.068434
0.005483
0.007895
0.005947
0.003514
0.000639
0.000453
0.000711
0.000649
0.101641
0.005019
0.003339
0.007606
0.001639
0.001216
0.033495
0.067228
0.218865
0.015439
0.008389
0.024199
0.030445
0.001659
0.003123
0.006431
0.000897
0.003813
0.050800
0.024498
0.003020
0.008317
0.005380
0.004040
0.000227
0.000474
0.000474
0.000423
0.222204
0.005133
0.005442
0.001783
0.003751
0.004226
0.001247
0.000866
0.000649
0.001216
0.000031
0.000010
0.001670
0.131735
0.093756
0.005370
0.007575
0.006514
0.002731
0.000381
0.000381
0.000515
0.000309
0.111628
0.003999
0.002690
0.006514
0.001948
0.001257
0.037309
0.049687
0.095426
0.010141
0.006143
0.017366
0.017366
0.001082
0.002144
0.005339
0.000433
0.003391
0.030486
0.013780
0.001969
0.006019
0.003762
0.002546
0.000227
0.000443
0.000330
0.000258
0.165499
0.003607
0.003566
0.001319
0.002607
0.002577
0.000825
0.000752
0.000299
0.000886
0.000021
0.000010
0.001134
0.109237
0.057406
0.003855
0.005730
0.004308
0.001670
0.000350
0.000196
0.000505
0.000350
0.086212
0.003329
0.002309
0.005380
0.001360
0.000825
0.027879
0.057118
0.325659
0.016892
0.008554
0.025003
0.028456
0.001330
0.003545
0.006194
0.000752
0.003566
0.036433
0.018345
0.003185
0.008894
0.005545
0.004257
0.000278
0.000433
0.000484
0.000598
0.134178
0.005081
0.005071
0.001731
0.003669
0.003875
0.001381
0.000742
0.000546
0.001319
0.000021
0.000031
0.001855
0.072474
0.053397
0.004720
0.008008
0.006380
0.003205
0.000453
0.000186
0.000453
0.000412
0.073113
0.003154
0.002958
0.007111
0.001670
0.001247
0.036474
0.041349
0.350991
0.015810
0.010636
0.020283
0.021674
0.002649
0.003401
0.007111
0.000907
0.003484
0.027363
0.014604
0.003566
0.008472
0.004473
0.003999
0.000423
0.000773
0.000742
0.000639
0.105423
0.004823
0.004792
0.001577
0.003195
0.002896
0.001391
0.001041
0.000897
0.001433
0.000093
0.000093
0.001433
0.072763
0.043606
0.005143
0.007101
0.005411
0.002845
0.000680
0.000433
0.000876
0.000691
0.074247
0.004030
0.002999
0.007627
0.001546
0.001247
0.031259
0.054799
0.402605
0.005040
0.002638
0.008554
0.011285
0.000577
0.001350
0.002113
0.000124
0.002381
0.030115
0.010636
0.000938
0.002659
0.002906
0.001433
0.000052
0.000227
0.000206
0.000216
0.209125
0.003246
0.003009
0.001010
0.001701
0.001309
0.000536
0.000299
0.000155
0.000402
0.000021
0.000000
0.000814
0.181886
0.086243
0.002783
0.002700
0.002834
0.001051
0.000247
0.000052
0.000227
0.000144
0.111679
0.003607
0.000938
0.002875
0.001196
0.000371
0.020953
0.070145
0.204992
0.012398
0.007689
0.019737
0.023241
0.001412
0.002546
0.005390
0.000742
0.003834
0.042555
0.017531
0.002350
0.006730
0.004679
0.003133
0.000278
0.000495
0.000587
0.000433
0.223492
0.004751
0.004545
0.001525
0.002886
0.002906
0.001134
0.000680
0.000526
0.001020
0.000031
0.000031
0.001237
0.138414
0.084563
0.004710
0.007482
0.005462
0.002329
0.000526
0.000309
0.000505
0.000361
0.096488
0.003556
0.002422
0.006256
0.002041
0.000938
0.033794
0.052717
0.156604
0.013429
0.007585
0.018417
0.025591
0.001567
0.002803
0.004865
0.000701
0.002834
0.043390
0.020963
0.002834
0.006462
0.004597
0.003133
0.000216
0.000392
0.000536
0.000268
0.241477
0.005071
0.005133
0.001752
0.003267
0.003030
0.001247
0.000505
0.000350
0.001165
0.000021
0.000041
0.001453
0.155038
0.098353
0.004937
0.007379
0.004895
0.002319
0.000464
0.000165
0.000587
0.000340
0.104310
0.003958
0.002690
0.005668
0.001680
0.000907
0.030270
0.047821
0.103125
0.013357
0.008451
0.019994
0.019015
0.002092
0.002721
0.006050
0.000742
0.003669
0.034372
0.013872
0.002752
0.007348
0.003906
0.003113
0.000350
0.000505
0.000835
0.000495
0.165787
0.004710
0.004566
0.001299
0.003411
0.003154
0.000608
0.000804
0.000732
0.001278
0.000021
0.000052
0.001072
0.096333
0.061044
0.004421
0.008781
0.005483
0.001762
0.000515
0.000278
0.000649
0.000505
0.079286
0.004401
0.002731
0.007627
0.001969
0.000917
0.031269
0.050707
0.310189
0.018005
0.012048
0.025250
0.034423
0.002391
0.003968
0.008204
0.001144
0.003638
0.054087
0.028177
0.004174
0.010873
0.005225
0.004875
0.000495
0.000742
0.000618
0.000577
0.284289
0.006091
0.005627
0.001927
0.004308
0.004607
0.001536
0.000783
0.000691
0.001525
0.000031
0.000031
0.001608
0.110061
0.092911
0.006204
0.012811
0.006936
0.003164
0.000660
0.000309
0.000917
0.000453
0.080863
0.004040
0.004061
0.009884
0.002206
0.001350
0.038350
0.033403
0.059447
0.011430
0.006462
0.019427
0.022334
0.001247
0.002257
0.004875
0.000474
0.004607
0.036845
0.016469
0.002329
0.005658
0.004792
0.002546
0.000227
0.000453
0.000412
0.000350
0.189358
0.004658
0.004401
0.001680
0.003061
0.002381
0.000969
0.000618
0.000258
0.000958
0.000021
0.000052
0.001268
0.125397
0.070217
0.004298
0.006709
0.005102
0.002206
0.000443
0.000186
0.000557
0.000330
0.093664
0.003762
0.002133
0.005658
0.001463
0.000814
0.033052
0.055036
0.236097
0.009121
0.004751
0.013223
0.014532
0.000680
0.001608
0.004009
0.000361
0.002504
0.030301
0.012161
0.001628
0.005009
0.002772
0.002340
0.000134
0.000216
0.000289
0.000227
0.168106
0.003164
0.003020
0.000928
0.002010
0.002226
0.000763
0.000350
0.000216
0.000649
0.000000
0.000000
0.000866
0.111844
0.065053
0.003442
0.004133
0.003298
0.001463
0.000299
0.000206
0.000412
0.000330
0.088974
0.002741
0.001360
0.003927
0.001103
0.000629
0.023158
0.060838
0.338624
0.010059
0.005184
0.016171
0.022736
0.001134
0.002319
0.003525
0.000402
0.003154
0.049244
0.020303
0.002309
0.004978
0.004792
0.002690
0.000319
0.000567
0.000350
0.000330
0.238684
0.005256
0.005401
0.001618
0.003339
0.002525
0.001020
0.000711
0.000361
0.000742
0.000031
0.000041
0.001474
0.149575
0.104341
0.005194
0.005957
0.005844
0.002195
0.000484
0.000144
0.000392
0.000340
0.112030
0.004442
0.002236
0.005483
0.001731
0.000814
0.034526
0.052171
0.100332
0.009111
0.005328
0.014542
0.017191
0.000897
0.002092
0.004153
0.000495
0.002999
0.033733
0.012656
0.002010
0.004885
0.003267
0.002401
0.000144
0.000216
0.000443
0.000392
0.160871
0.003587
0.003855
0.001309
0.002381
0.002504
0.000886
0.000474
0.000402
0.000897
0.000041
0.000021
0.001062
0.114266
0.062209
0.003803
0.004494
0.004246
0.001494
0.000330
0.000124
0.000381
0.000278
0.092922
0.003566
0.001433
0.004813
0.001299
0.000691
0.026683
0.064291
0.317434
0.011687
0.006431
0.017624
0.020674
0.001062
0.002638
0.004854
0.000598
0.003906
0.033248
0.013646
0.002206
0.005936
0.004081
0.002752
0.000206
0.000443
0.000433
0.000309
0.134312
0.004215
0.004061
0.001474
0.003082
0.002690
0.001103
0.000660
0.000309
0.000845
0.000010
0.000010
0.001237
0.095210
0.058272
0.004524
0.006277
0.004514
0.002226
0.000392
0.000196
0.000392
0.000319
0.091489
0.003514
0.002401
0.005833
0.001546
0.000845
0.030775
0.064827
0.339706
0.008853
0.005638
0.014738
0.017758
0.000938
0.001752
0.003885
0.000526
0.002587
0.026498
0.015573
0.001958
0.005741
0.003102
0.002164
0.000144
0.000278
0.000237
0.000258
0.115420
0.002999
0.003082
0.001103
0.001824
0.002102
0.000876
0.000350
0.000330
0.000618
0.000010
0.000000
0.000938
0.062714
0.036824
0.003721
0.004710
0.003525
0.001845
0.000268
0.000216
0.000402
0.000247
0.048986
0.001969
0.001896
0.004030
0.001000
0.000649
0.022478
0.029291
0.532949
0.020778
0.012471
0.026394
0.028600
0.002690
0.004226
0.009028
0.001360
0.003690
0.038144
0.018417
0.004329
0.009523
0.006153
0.005349
0.000701
0.001020
0.001051
0.001010
0.157841
0.006421
0.006575
0.002072
0.004823
0.003937
0.001701
0.001340
0.001175
0.001886
0.000062
0.000062
0.001958
0.085429
0.064621
0.006287
0.010152
0.008389
0.003267
0.000783
0.000577
0.001062
0.000866
0.085573
0.005297
0.004081
0.009750
0.002546
0.001546
0.040679
0.051006
0.233304
0.008420
0.004875
0.013367
0.016181
0.001010
0.001752
0.003082
0.000412
0.003061
0.032805
0.013491
0.002020
0.004236
0.003978
0.001865
0.000258
0.000453
0.000361
0.000371
0.168755
0.004195
0.004174
0.001206
0.002216
0.001752
0.000886
0.000515
0.000350
0.000783
0.000041
0.000031
0.000804
0.149452
0.073505
0.004030
0.004844
0.004339
0.001721
0.000392
0.000165
0.000371
0.000227
0.105969
0.003576
0.001824
0.004257
0.001330
0.000649
0.026580
0.065249
0.253813
0.006771
0.003978
0.012409
0.013646
0.000814
0.001701
0.003700
0.000340
0.003051
0.029363
0.010131
0.001659
0.003793
0.003494
0.001845
0.000186
0.000361
0.000392
0.000216
0.140465
0.003659
0.003679
0.000907
0.002257
0.001597
0.000691
0.000453
0.000196
0.000794
0.000000
0.000041
0.000618
0.117760
0.060766
0.003566
0.006307
0.003607
0.001041
0.000340
0.000062
0.000392
0.000247
0.094529
0.003370
0.001484
0.004999
0.001505
0.000608
0.025075
0.072515
0.348621
0.016603
0.009657
0.019211
0.020355
0.002030
0.003422
0.006802
0.001175
0.003102
0.024354
0.012357
0.003329
0.007565
0.003916
0.004040
0.000598
0.000515
0.000866
0.000763
0.094488
0.004452
0.004360
0.001536
0.003205
0.003071
0.001340
0.000825
0.000969
0.001618
0.000041
0.000093
0.001092
0.064301
0.037257
0.004638
0.008039
0.004968
0.002752
0.000629
0.000423
0.000948
0.000701
0.065682
0.004030
0.002927
0.007781
0.001979
0.001309
0.028672
0.051264
0.453951
0.008431
0.004937
0.012996
0.018046
0.000876
0.001865
0.003432
0.000433
0.002154
0.036587
0.017686
0.002092
0.004638
0.002752
0.002041
0.000134
0.000278
0.000227
0.000155
0.189018
0.003226
0.003113
0.001072
0.001731
0.002010
0.000794
0.000319
0.000319
0.000474
0.000000
0.000031
0.000876
0.125685
0.086583
0.003442
0.003782
0.002999
0.001371
0.000258
0.000113
0.000340
0.000196
0.097807
0.002824
0.001659
0.002680
0.000794
0.000587
0.020334
0.064816
0.260987
0.010224
0.006452
0.015356
0.023024
0.001113
0.002370
0.004246
0.000546
0.002267
0.040741
0.019345
0.002381
0.006081
0.003205
0.002999
0.000165
0.000319
0.000227
0.000289
0.240333
0.003896
0.003782
0.001247
0.002288
0.002422
0.001196
0.000402
0.000299
0.000845
0.000000
0.000031
0.000928
0.133941
0.090087
0.004277
0.004968
0.004081
0.001855
0.000206
0.000093
0.000433
0.000340
0.092695
0.002824
0.001804
0.003958
0.001216
0.000598
0.023519
0.048965
0.185122
0.008513
0.004617
0.014676
0.020272
0.000763
0.001927
0.003618
0.000443
0.003360
0.047935
0.019634
0.001628
0.004535
0.004710
0.002484
0.000216
0.000340
0.000258
0.000330
0.297801
0.004195
0.003824
0.001371
0.002360
0.002453
0.000711
0.000515
0.000144
0.000598
0.000021
0.000021
0.001010
0.139444
0.098590
0.004349
0.005761
0.004865
0.001927
0.000319
0.000021
0.000319
0.000165
0.092819
0.003690
0.002030
0.004390
0.001525
0.000680
0.029115
0.046141
0.108567
0.013625
0.007029
0.018778
0.025632
0.001268
0.002803
0.005153
0.000598
0.002824
0.042514
0.019417
0.002216
0.005988
0.004844
0.003288
0.000268
0.000453
0.000433
0.000505
0.245300
0.004916
0.004813
0.001628
0.003329
0.002669
0.001422
0.000618
0.000381
0.001113
0.000021
0.000031
0.001608
0.139609
0.103135
0.005545
0.006545
0.005720
0.002659
0.000392
0.000299
0.000412
0.000330
0.107618
0.003844
0.002618
0.005545
0.001536
0.000855
0.031496
0.051470
0.104887
0.008771
0.005555
0.015830
0.022499
0.000773
0.002051
0.003628
0.000381
0.002731
0.045131
0.021334
0.001680
0.005215
0.004112
0.002422
0.000072
0.000299
0.000361
0.000216
0.284310
0.004102
0.003855
0.001237
0.002453
0.002535
0.000804
0.000289
0.000196
0.000618
0.000010
0.000031
0.001082
0.164674
0.107299
0.004329
0.005277
0.003958
0.001938
0.000299
0.000103
0.000175
0.000247
0.100486
0.003298
0.001690
0.004442
0.001247
0.000660
0.027549
0.043534
0.084213
0.015593
0.009255
0.021313
0.025044
0.001958
0.002927
0.005916
0.000876
0.003597
0.040597
0.018108
0.002989
0.007153
0.005050
0.004133
0.000464
0.000639
0.000814
0.000515
0.186101
0.005802
0.005730
0.001865
0.003453
0.003494
0.001536
0.001072
0.000557
0.001453
0.000021
0.000010
0.001484
0.117554
0.074793
0.005895
0.007647
0.006472
0.002546
0.000618
0.000289
0.000721
0.000495
0.101445
0.004854
0.003174
0.007194
0.001845
0.000989
0.035134
0.059096
0.189718
0.024498
0.015346
0.029002
0.031950
0.003648
0.004865
0.009544
0.001402
0.004019
0.040741
0.022633
0.005308
0.010646
0.006070
0.005328
0.000526
0.000907
0.001123
0.000979
0.158027
0.007225
0.007348
0.002185
0.004875
0.003947
0.001969
0.001463
0.001144
0.002175
0.000093
0.000124
0.002185
0.088541
0.062848
0.007771
0.012017
0.007946
0.003813
0.000938
0.000577
0.001113
0.000928
0.094189
0.005802
0.004586
0.010873
0.002814
0.001814
0.042740
0.059086
0.180309
0.014017
0.008750
0.023725
0.032681
0.001639
0.003442
0.005916
0.000742
0.003710
0.056231
0.027301
0.003267
0.008060
0.005483
0.003999
0.000278
0.000660
0.000526
0.000433
0.253350
0.005906
0.005576
0.001618
0.004133
0.004112
0.001474
0.000763
0.000423
0.001051
0.000010
0.000021
0.001350
0.111525
0.092190
0.004957
0.009441
0.007173
0.002762
0.000453
0.000196
0.000567
0.000278
0.091520
0.003453
0.003009
0.008080
0.001938
0.001299
0.039205
0.039174
0.102135
0.020695
0.011069
0.029239
0.037566
0.001979
0.004421
0.008163
0.000876
0.003906
0.053047
0.029074
0.004287
0.011347
0.006163
0.005421
0.000474
0.000691
0.000814
0.000618
0.219576
0.006606
0.005782
0.002236
0.004937
0.004803
0.001958
0.001072
0.000773
0.001680
0.000010
0.000041
0.002278
0.097127
0.082059
0.006215
0.011636
0.008657
0.003906
0.000598
0.000289
0.000835
0.000557
0.092953
0.004834
0.004123
0.010523
0.002298
0.001278
0.043585
0.040370
0.106557
0.009399
0.005194
0.015748
0.023869
0.001092
0.001886
0.003566
0.000381
0.003267
0.049305
0.022777
0.001938
0.004895
0.004030
0.002278
0.000134
0.000299
0.000412
0.000155
0.307478
0.004061
0.004267
0.001237
0.002298
0.002113
0.000907
0.000340
0.000206
0.000701
0.000021
0.000052
0.000938
0.144226
0.104588
0.004061
0.005988
0.004019
0.001680
0.000340
0.000082
0.000319
0.000165
0.085975
0.003143
0.001958
0.005029
0.001350
0.000917
0.029157
0.036392
0.095364
0.008812
0.006143
0.013666
0.017263
0.001206
0.001917
0.003751
0.000495
0.002350
0.032949
0.014522
0.001958
0.005328
0.002690
0.002092
0.000216
0.000237
0.000464
0.000330
0.231923
0.003288
0.003432
0.000928
0.002113
0.002206
0.000804
0.000402
0.000433
0.000639
0.000010
0.000021
0.000711
0.152513
0.083646
0.003442
0.005339
0.003350
0.001226
0.000309
0.000196
0.000381
0.000361
0.096086
0.003545
0.001670
0.004803
0.001000
0.000721
0.023519
0.059653
0.194944
0.009616
0.006493
0.015078
0.019603
0.001216
0.002102
0.004071
0.000680
0.002680
0.042019
0.021015
0.001989
0.005421
0.004061
0.002175
0.000299
0.000392
0.000464
0.000371
0.317661
0.004339
0.003731
0.001226
0.002381
0.002082
0.001020
0.000680
0.000330
0.000897
0.000041
0.000021
0.001092
0.170332
0.112431
0.003700
0.005411
0.003803
0.001762
0.000381
0.000155
0.000557
0.000381
0.087995
0.003143
0.001649
0.004329
0.001206
0.001020
0.026549
0.036309
0.063641
0.006380
0.003319
0.010409
0.010203
0.000794
0.000989
0.003030
0.000423
0.002607
0.023931
0.008348
0.000989
0.002979
0.002772
0.001494
0.000144
0.000268
0.000423
0.000186
0.141289
0.002587
0.002484
0.000804
0.001865
0.001360
0.000443
0.000350
0.000196
0.000618
0.000000
0.000021
0.000783
0.154543
0.056499
0.002793
0.003937
0.002875
0.001113
0.000155
0.000103
0.000361
0.000155
0.114926
0.003690
0.001340
0.003545
0.000989
0.000691
0.020664
0.097735
0.301398
0.005957
0.002855
0.009152
0.009039
0.000608
0.001041
0.002638
0.000330
0.002175
0.020685
0.006586
0.001051
0.003030
0.002123
0.001175
0.000196
0.000289
0.000155
0.000216
0.113977
0.002432
0.002401
0.000691
0.001556
0.001062
0.000392
0.000278
0.000216
0.000649
0.000010
0.000000
0.000639
0.124325
0.044657
0.002340
0.003721
0.002432
0.000969
0.000196
0.000144
0.000330
0.000134
0.089356
0.002607
0.001031
0.003370
0.000876
0.000536
0.017572
0.077844
0.433957
0.007843
0.003545
0.013542
0.016253
0.000536
0.001628
0.002803
0.000299
0.003051
0.031043
0.012213
0.001216
0.003628
0.003185
0.001896
0.000041
0.000319
0.000216
0.000268
0.151626
0.002865
0.002989
0.000845
0.002577
0.001876
0.000546
0.000381
0.000186
0.000505
0.000031
0.000010
0.000928
0.112565
0.049924
0.003123
0.004102
0.003741
0.001391
0.000206
0.000113
0.000289
0.000165
0.075154
0.002494
0.001484
0.003308
0.001134
0.000536
0.024117
0.051532
0.395731
0.008534
0.004741
0.014686
0.017799
0.000979
0.001938
0.003803
0.000350
0.002886
0.041782
0.017346
0.001731
0.004514
0.003484
0.002381
0.000206
0.000392
0.000278
0.000350
0.299450
0.003885
0.003628
0.001484
0.002195
0.001835
0.000742
0.000381
0.000309
0.000711
0.000000
0.000021
0.000928
0.158171
0.109226
0.003875
0.005607
0.004195
0.001381
0.000289
0.000144
0.000402
0.000196
0.098446
0.003380
0.001567
0.004401
0.001350
0.000752
0.027703
0.046523
0.088645
0.005246
0.002144
0.007709
0.009770
0.000464
0.000917
0.002195
0.000216
0.002072
0.023715
0.007421
0.000752
0.002618
0.002164
0.001268
0.000041
0.000041
0.000165
0.000165
0.143237
0.001989
0.002102
0.000732
0.001154
0.000897
0.000443
0.000206
0.000155
0.000289
0.000000
0.000021
0.000536
0.155739
0.060034
0.002298
0.002896
0.001639
0.001010
0.000237
0.000093
0.000165
0.000093
0.109422
0.002216
0.000928
0.002133
0.000474
0.000402
0.014965
0.086016
0.338397
0.005019
0.002752
0.007297
0.010461
0.000443
0.001062
0.001938
0.000186
0.001216
0.026590
0.008668
0.000948
0.002515
0.001793
0.001206
0.000062
0.000165
0.000103
0.000247
0.179010
0.001835
0.001835
0.000680
0.001123
0.001165
0.000587
0.000237
0.000175
0.000319
0.000000
0.000010
0.000567
0.172651
0.096137
0.002216
0.002762
0.002061
0.000825
0.000113
0.000093
0.000103
0.000093
0.128561
0.002360
0.000876
0.002123
0.000402
0.000546
0.013089
0.087305
0.227470
0.014408
0.009307
0.019190
0.022406
0.002123
0.002669
0.005720
0.000917
0.003896
0.031733
0.020211
0.003391
0.006699
0.004112
0.002834
0.000309
0.000484
0.000649
0.000618
0.256668
0.004411
0.004421
0.001505
0.002721
0.002721
0.001051
0.000845
0.000608
0.001206
0.000041
0.000052
0.001000
0.162747
0.069516
0.004865
0.007606
0.004061
0.002535
0.000392
0.000299
0.000752
0.000381
0.080874
0.004123
0.002989
0.006390
0.001474
0.001278
0.027508
0.049769
0.143515
0.011378
0.006998
0.014078
0.019242
0.001216
0.002267
0.003937
0.000649
0.002309
0.033949
0.014903
0.002061
0.005277
0.003092
0.002628
0.000350
0.000392
0.000505
0.000412
0.182463
0.003968
0.003484
0.001041
0.002515
0.002638
0.000928
0.000608
0.000536
0.000917
0.000021
0.000031
0.000948
0.113668
0.062044
0.003370
0.005802
0.003927
0.001979
0.000423
0.000330
0.000371
0.000392
0.074278
0.003246
0.002350
0.005081
0.001309
0.000804
0.023406
0.045884
0.325597
0.019603
0.011595
0.023189
0.027765
0.002144
0.003473
0.008142
0.001123
0.003989
0.040720
0.019118
0.003741
0.008843
0.005607
0.004483
0.000557
0.000763
0.001010
0.000876
0.202581
0.006235
0.005638
0.001814
0.004133
0.003824
0.001453
0.001226
0.001010
0.001958
0.000072
0.000062
0.001783
0.126788
0.081348
0.006246
0.009234
0.007091
0.003092
0.000670
0.000577
0.001206
0.000886
0.097642
0.005596
0.003772
0.009070
0.002474
0.001474
0.037597
0.054201
0.132508
0.012790
0.007348
0.018953
0.026683
0.001278
0.002906
0.004895
0.000608
0.002875
0.049171
0.020963
0.002360
0.006843
0.004380
0.003401
0.000268
0.000371
0.000340
0.000319
0.262594
0.004895
0.004854
0.001731
0.003092
0.003319
0.000979
0.000536
0.000361
0.001020
0.000010
0.000000
0.001288
0.130457
0.095807
0.004380
0.007513
0.005627
0.002484
0.000361
0.000227
0.000453
0.000278
0.094478
0.003638
0.002463
0.005998
0.001659
0.001103
0.030744
0.046883
0.114008
0.022911
0.013512
0.027497
0.032578
0.002597
0.004535
0.008791
0.001216
0.003896
0.043874
0.023581
0.004308
0.010688
0.006039
0.005545
0.000567
0.000701
0.000721
0.000897
0.169374
0.006699
0.006215
0.002195
0.004339
0.004628
0.002041
0.001123
0.000773
0.001618
0.000103
0.000072
0.001948
0.109515
0.066929
0.006545
0.011048
0.007689
0.003947
0.000742
0.000464
0.000886
0.000680
0.099487
0.005411
0.004823
0.009575
0.002391
0.001855
0.039731
0.061013
0.151688
0.016882
0.009853
0.022643
0.026714
0.001835
0.003659
0.006946
0.001041
0.004473
0.037525
0.015995
0.003174
0.008771
0.005864
0.004432
0.000423
0.000608
0.000835
0.000691
0.143433
0.005885
0.005875
0.001948
0.004442
0.004679
0.001257
0.000907
0.000866
0.001453
0.000021
0.000052
0.001742
0.094952
0.060179
0.005421
0.008977
0.007781
0.003061
0.000567
0.000330
0.000814
0.000577
0.096354
0.005328
0.003556
0.008946
0.002206
0.001360
0.040937
0.063425
0.250309
0.030362
0.019654
0.033805
0.040566
0.004617
0.005885
0.012532
0.002041
0.003751
0.045276
0.026250
0.007173
0.013780
0.006730
0.006926
0.000814
0.001092
0.001608
0.001206
0.161355
0.008132
0.007462
0.002968
0.005339
0.005545
0.002680
0.001824
0.001546
0.002741
0.000134
0.000175
0.002587
0.065909
0.057478
0.008802
0.013594
0.008936
0.005060
0.001196
0.000845
0.001422
0.001278
0.076813
0.006235
0.005638
0.013305
0.002762
0.002226
0.043431
0.045162
0.173352
0.023457
0.014893
0.026869
0.045337
0.002814
0.004978
0.007750
0.001257
0.003422
0.061333
0.035144
0.004741
0.010976
0.006493
0.005638
0.000608
0.000907
0.000845
0.000773
0.253782
0.006812
0.006967
0.002154
0.004854
0.004926
0.002030
0.001360
0.000897
0.001855
0.000031
0.000062
0.002195
0.089861
0.090510
0.006472
0.011265
0.008080
0.004411
0.000680
0.000495
0.000835
0.000474
0.084481
0.004153
0.004741
0.009348
0.002319
0.001649
0.037546
0.033073
0.063446
0.065270
0.040607
0.047698
0.049408
0.008729
0.012223
0.021355
0.004597
0.005225
0.024807
0.022097
0.012924
0.018716
0.012563
0.014017
0.002370
0.003566
0.003277
0.003638
0.062972
0.012770
0.013161
0.005102
0.008740
0.008884
0.004236
0.005205
0.004772
0.006215
0.000299
0.000392
0.004545
0.047739
0.032908
0.015037
0.019118
0.015593
0.010677
0.003267
0.002298
0.003154
0.003113
0.071763
0.009379
0.012120
0.018654
0.005184
0.003607
0.056180
0.047749
0.112081
0.064682
0.039576
0.050676
0.053304
0.009265
0.012625
0.021684
0.004504
0.005689
0.030012
0.022767
0.012512
0.019252
0.013079
0.014728
0.002525
0.003556
0.003267
0.003514
0.071485
0.013336
0.012996
0.005318
0.007853
0.009224
0.004782
0.005184
0.004246
0.006483
0.000206
0.000536
0.005504
0.034392
0.042349
0.014882
0.019912
0.015892
0.010677
0.003051
0.001969
0.003174
0.003051
0.078256
0.009410
0.011708
0.020406
0.004586
0.003741
0.062374
0.044430
0.081368
0.071783
0.042895
0.053593
0.052511
0.009121
0.012471
0.023230
0.005617
0.006328
0.027693
0.023869
0.012574
0.021149
0.012254
0.015356
0.002690
0.003442
0.003298
0.003844
0.068341
0.013697
0.013656
0.005163
0.009441
0.009595
0.004473
0.005380
0.004267
0.007194
0.000155
0.000371
0.005710
0.028394
0.036155
0.014738
0.023086
0.015944
0.011090
0.002989
0.002298
0.003267
0.003391
0.068207
0.009636
0.013202
0.021396
0.005287
0.004586
0.058715
0.046286
0.080173
0.066836
0.041792
0.046378
0.046502
0.009193
0.012295
0.021581
0.005225
0.005225
0.022365
0.020128
0.012666
0.018984
0.011873
0.014295
0.002875
0.003556
0.003195
0.004081
0.054428
0.012357
0.013058
0.004617
0.008451
0.008472
0.004442
0.005627
0.004772
0.006637
0.000309
0.000309
0.004854
0.033362
0.030568
0.014254
0.018706
0.014790
0.010121
0.003473
0.002546
0.002927
0.003638
0.065837
0.010110
0.011316
0.021705
0.004844
0.003885
0.053933
0.047440
0.149163
0.064827
0.039308
0.049130
0.062126
0.007390
0.012574
0.019355
0.004246
0.004370
0.037041
0.027775
0.012512
0.019953
0.011997
0.015666
0.002102
0.002845
0.002412
0.002834
0.081172
0.013110
0.013254
0.005019
0.009801
0.009966
0.004236
0.004267
0.003391
0.005143
0.000186
0.000206
0.005184
0.034877
0.048563
0.013893
0.020602
0.016109
0.010482
0.002257
0.001999
0.002185
0.002309
0.079647
0.008224
0.011646
0.018757
0.004370
0.003009
0.055716
0.041122
0.070835
0.049491
0.032207
0.045894
0.051769
0.006369
0.010420
0.018242
0.003484
0.005308
0.040318
0.028652
0.010811
0.021159
0.010615
0.011656
0.001505
0.002164
0.001742
0.002504
0.126263
0.011718
0.011151
0.003556
0.008802
0.008482
0.004009
0.003370
0.002577
0.004153
0.000113
0.000124
0.004040
0.048429
0.056087
0.010615
0.021458
0.013079
0.007730
0.001835
0.001299
0.002144
0.001917
0.079833
0.007338
0.009739
0.018520
0.003989
0.003700
0.056695
0.043750
0.069176
0.049254
0.033269
0.044327
0.059014
0.007080
0.010502
0.017469
0.003710
0.004792
0.045307
0.034846
0.010708
0.020994
0.009533
0.010677
0.001804
0.001742
0.001731
0.001804
0.144381
0.011605
0.011997
0.003587
0.007843
0.007678
0.003648
0.002669
0.002577
0.003793
0.000144
0.000144
0.003205
0.046069
0.054057
0.011409
0.022396
0.011615
0.008070
0.002010
0.001577
0.001948
0.001587
0.069969
0.007895
0.010203
0.018149
0.003700
0.003628
0.051428
0.040875
0.061580
0.065806
0.042988
0.049006
0.057767
0.008595
0.012893
0.021860
0.004720
0.004916
0.033042
0.026467
0.012687
0.021097
0.011378
0.016078
0.002412
0.003113
0.002711
0.003710
0.075669
0.013821
0.013728
0.004823
0.009307
0.010100
0.004133
0.005194
0.004195
0.006390
0.000165
0.000319
0.005390
0.033516
0.043359
0.014274
0.020468
0.016573
0.009925
0.002350
0.002113
0.002855
0.002989
0.072371
0.008956
0.012790
0.020654
0.004617
0.003463
0.054397
0.043359
0.076493
0.047883
0.033660
0.043420
0.062930
0.006349
0.011182
0.015398
0.003216
0.003906
0.047904
0.033568
0.010719
0.019901
0.009853
0.012316
0.001701
0.002267
0.001412
0.002020
0.131374
0.011883
0.012110
0.003484
0.007884
0.008204
0.003916
0.002917
0.002443
0.003350
0.000124
0.000124
0.004452
0.049676
0.064858
0.010987
0.018654
0.013202
0.008534
0.002061
0.001391
0.001505
0.001567
0.082255
0.006740
0.009286
0.014934
0.003597
0.002607
0.051408
0.036288
0.058581
