0.561000
0.002150
0.000267
0.000283
0.000100
0.000067
0.000050
0.000017
0.026550
0.004917
0.050333
0.000433
0.005050
0.013317
0.015733
0.131750
0.003417
0.014700
0.001867
0.167633
0.000000
0.000000
0.000000
0.000000
0.000000
0.000000
0.000000
0.000000
0.000000
0.000000
0.000000
0.000000
0.000367
0.000000
0.000000
0.000000
0.113248
0.000119
0.000119
0.000357
0.000544
0.002279
0.008401
0.009031
0.002143
0.003929
0.026190
0.007415
0.001735
0.017432
0.040085
0.180442
0.006446
0.033554
0.005068
0.146565
0.020102
0.007619
0.002398
0.000000
0.027891
0.005306
0.018146
0.000000
0.005986
0.079762
0.027466
0.200221
0.000000
0.000000
0.000000
0.000000
0.215490
0.000278
0.000523
0.002843
0.002451
0.000931
0.000588
0.000310
0.000016
0.000000
0.000376
0.000000
0.002516
0.002843
0.088497
0.106863
0.011225
0.005376
0.028497
0.032549
0.026569
0.001176
0.026569
0.000000
0.011879
0.000752
0.003007
0.000000
0.020882
0.072075
0.020719
0.314199
0.000000
0.000000
0.000000
0.000000
0.540776
0.001153
0.002453
0.003145
0.004256
0.005325
0.009015
0.011698
0.013375
0.001048
0.003795
0.000000
0.037275
0.039769
0.024046
0.013920
0.008553
0.107987
0.006771
0.042055
0.105031
0.015975
0.002537
0.000000
0.000000
0.000000
0.000000
0.000000
0.000042
0.000000
0.000000
0.000000
0.000000
0.000000
0.000000
0.000000
0.011462
0.000000
0.000051
0.000064
0.003936
0.013051
0.144141
0.021885
0.000179
0.000000
0.009013
0.000000
0.000987
0.007654
0.085462
0.093692
0.011949
0.099167
0.071821
0.256064
0.011590
0.014974
0.060436
0.005564
0.000000
0.000000
0.000000
0.000000
0.000000
0.076859
0.000000
0.000000
0.000000
0.000000
0.000000
0.000000
0.338928
0.007406
0.003725
0.001739
0.000246
0.000000
0.000000
0.000000
0.383681
0.003667
0.039812
0.004348
0.037072
0.001406
0.029145
0.090942
0.005696
0.000304
0.001928
0.017000
0.011058
0.000000
0.009232
0.000000
0.000014
0.000000
0.000000
0.000000
0.003855
0.000000
0.000638
0.000000
0.008159
0.000000
0.000000
0.000000
0.104433
0.007921
0.000172
0.000137
0.000120
0.000103
0.000395
0.000103
0.015034
0.000017
0.003797
0.001082
0.003780
0.001443
0.014467
0.109691
0.006993
0.012938
0.012869
0.286014
0.158419
0.011168
0.025687
0.001031
0.094021
0.015447
0.004038
0.000000
0.037612
0.068608
0.001753
0.000000
0.000704
0.000000
0.000000
0.000000
0.145637
0.034248
0.014232
0.017092
0.016144
0.015964
0.015392
0.033088
0.061013
0.004379
0.064853
0.000016
0.016225
0.007173
0.036013
0.267435
0.009297
0.004167
0.009886
0.063742
0.105686
0.000425
0.009886
0.000000
0.020507
0.000000
0.000000
0.000000
0.027092
0.000196
0.000180
0.000000
0.000016
0.000000
0.000016
0.000000
0.082736
0.051475
0.036847
0.050935
0.050845
0.054764
0.081610
0.113345
0.036869
0.004493
0.001227
0.000011
0.021554
0.025563
0.015113
0.065270
0.015541
0.160428
0.001070
0.039820
0.024414
0.003164
0.000113
0.000000
0.000045
0.000000
0.000000
0.000000
0.012815
0.000236
0.000135
0.000000
0.042590
0.006847
0.000124
0.000000
0.577065
0.000575
0.002094
0.008584
0.012670
0.012080
0.006416
0.006519
0.083186
0.025885
0.049735
0.037581
0.011976
0.013451
0.004145
0.001858
0.001711
0.137891
0.001858
0.000546
0.000000
0.000015
0.000000
0.000000
0.000000
0.000000
0.000000
0.000000
0.000074
0.000000
0.000000
0.000000
0.003496
0.000118
0.000472
0.000000
0.307956
0.000770
0.000133
0.000178
0.000119
0.000074
0.000030
0.000044
0.002207
0.005422
0.053452
0.008311
0.017570
0.006800
0.067570
0.050563
0.113378
0.010385
0.046074
0.264444
0.038933
0.000000
0.005585
0.000000
0.000000
0.000000
0.000000
0.000000
0.000000
0.000000
0.000000
0.000000
0.000000
0.000000
0.000000
0.000000
0.003935
0.000000
0.000000
0.000000
0.001203
0.006031
0.003265
0.000137
0.003351
0.000842
0.023643
0.001821
0.018368
0.027766
0.109794
0.207818
0.013883
0.014141
0.008488
0.463677
0.080464
0.010430
0.000945
0.000000
0.000000
0.000000
0.000000
0.000000
0.000000
0.000000
0.000000
0.000000
0.000000
0.000000
0.000000
0.000000
0.002955
0.000670
0.000539
0.007453
0.073639
0.207380
0.060073
0.013566
0.000131
0.000044
0.015095
0.006390
0.004352
0.002868
0.145022
0.164003
0.011048
0.018326
0.051106
0.102737
0.016186
0.011092
0.080757
0.004119
0.000291
0.000058
0.000000
0.000000
0.000073
0.000029
0.000000
0.000000
0.000000
0.000000
0.000000
0.000000
0.005064
0.019443
0.025459
0.022125
0.028304
0.041928
0.009373
0.001289
0.039199
0.001301
0.057422
0.003961
0.067677
0.069443
0.026516
0.280081
0.071661
0.110952
0.000848
0.104994
0.010964
0.000035
0.000000
0.000000
0.000000
0.000000
0.000000
0.000000
0.000290
0.000023
0.000000
0.000000
0.001649
0.000000
0.000000
0.000000
0.003874
0.021943
0.042432
0.035238
0.017992
0.004968
0.001351
0.002317
0.058468
0.071622
0.006589
0.027465
0.075122
0.194891
0.015573
0.050579
0.010772
0.001364
0.000077
0.000000
0.006319
0.000129
0.000000
0.000000
0.020245
0.000489
0.000000
0.000000
0.224839
0.056873
0.039241
0.008404
0.000824
0.000000
0.000000
0.000000
0.000091
0.000000
0.000000
0.000011
0.000147
0.002120
0.007211
0.344739
0.000000
0.000000
0.000000
0.000000
0.000896
0.001088
0.000646
0.000102
0.068583
0.035125
0.187642
0.351587
0.000000
0.000011
0.000000
0.000000
0.000000
0.000000
0.000000
0.000000
0.000000
0.000000
0.000000
0.000000
0.000000
0.000000
0.000000
0.000000
0.075649
0.000788
0.000772
0.001445
0.001149
0.000722
0.000312
0.000591
0.005780
0.000066
0.011560
0.000000
0.005583
0.007767
0.061248
0.042479
0.008571
0.011215
0.023087
0.114122
0.034844
0.002053
0.026371
0.000000
0.015041
0.000361
0.001823
0.000000
0.046092
0.046273
0.446798
0.007422
0.000016
0.000000
0.000000
0.000000
0.242840
0.013309
0.012323
0.009495
0.004946
0.002768
0.001889
0.004477
0.000024
0.000000
0.000000
0.000000
0.011685
0.000048
0.000493
0.000084
0.028002
0.079158
0.095102
0.090108
0.009386
0.003201
0.051697
0.000265
0.003442
0.000253
0.004645
0.001625
0.004585
0.003008
0.195018
0.126101
0.000024
0.000000
0.000000
0.000000
0.192857
0.047021
0.018718
0.016899
0.016801
0.016667
0.017741
0.305238
0.068364
0.004872
0.023040
0.001026
0.083932
0.020916
0.013797
0.029084
0.044042
0.009768
0.000867
0.006264
0.057937
0.001709
0.000024
0.000000
0.000574
0.000000
0.000000
0.000000
0.000867
0.000000
0.000000
0.000000
0.000977
0.000000
0.000000
0.000000
0.091658
0.016683
0.000066
0.000049
0.000016
0.000000
0.000000
0.000000
0.003021
0.000821
0.023169
0.001117
0.032775
0.002939
0.144548
0.198555
0.086420
0.000837
0.018128
0.004286
0.098456
0.000000
0.001741
0.000000
0.101888
0.000000
0.000575
0.000000
0.148916
0.000000
0.023284
0.000000
0.000049
0.000000
0.000000
0.000000
0.362311
0.006207
0.004178
0.005778
0.005615
0.004326
0.003378
0.003111
0.019274
0.000474
0.005556
0.000104
0.007822
0.004252
0.035719
0.029570
0.053067
0.011748
0.041244
0.155511
0.212578
0.003081
0.024785
0.000000
0.000015
0.000000
0.000000
0.000000
0.000030
0.000000
0.000000
0.000000
0.000252
0.000000
0.000015
0.000000
0.153674
0.021807
0.013852
0.027867
0.020844
0.000385
0.000044
0.000015
0.030104
0.000000
0.000770
0.000000
0.006207
0.000074
0.022281
0.004281
0.010637
0.015452
0.132889
0.202104
0.101511
0.002681
0.011170
0.001126
0.044889
0.000000
0.000681
0.000000
0.154593
0.015852
0.001793
0.000000
0.002415
0.000000
0.000000
0.000000
0.206303
0.003684
0.003233
0.003145
0.003960
0.006717
0.024373
0.247318
0.023308
0.002306
0.055338
0.002231
0.010426
0.055351
0.014925
0.069674
0.002707
0.019674
0.000088
0.000902
0.001516
0.000013
0.000000
0.000000
0.014662
0.000025
0.000050
0.000000
0.087256
0.109336
0.031429
0.000000
0.000050
0.000000
0.000000
0.000000
0.117304
0.000504
0.000207
0.000207
0.000474
0.000207
0.000000
0.000000
0.004252
0.000000
0.003778
0.000000
0.013156
0.000104
0.037393
0.000489
0.012296
0.007837
0.123689
0.498696
0.112133
0.003111
0.064104
0.000059
0.000000
0.000000
0.000000
0.000000
0.000000
0.000000
0.000000
0.000000
0.000000
0.000000
0.000000
0.000000
0.535659
0.030059
0.014607
0.012711
0.011719
0.007437
0.005481
0.028237
0.002341
0.000030
0.000919
0.000000
0.003956
0.005126
0.021437
0.020578
0.014785
0.027393
0.046030
0.040370
0.092889
0.008741
0.012578
0.000000
0.002415
0.000000
0.000000
0.000000
0.035970
0.017081
0.000385
0.000000
0.001067
0.000000
0.000000
0.000000
0.398604
0.010916
0.008138
0.005616
0.002387
0.001006
0.000826
0.000390
0.068634
0.003393
0.021321
0.000105
0.077267
0.180360
0.048348
0.014595
0.009264
0.004234
0.000841
0.000045
0.118003
0.000000
0.002988
0.000000
0.003784
0.000000
0.000000
0.000000
0.018889
0.000000
0.000000
0.000000
0.000045
0.000000
0.000000
0.000000
0.293857
0.002238
0.002667
0.008048
0.002111
0.000730
0.000095
0.000000
0.001460
0.000111
0.091317
0.000302
0.004048
0.002841
0.060571
0.177492
0.011048
0.001016
0.030889
0.003968
0.133317
0.000286
0.149063
0.000000
0.008063
0.000000
0.000048
0.000000
0.000159
0.000000
0.000000
0.000000
0.003365
0.000238
0.010651
0.000000
0.070933
0.000817
0.000883
0.011067
0.002817
0.007750
0.032883
0.227433
0.010667
0.001183
0.137817
0.000017
0.014717
0.037967
0.011717
0.202267
0.024100
0.025117
0.003733
0.001833
0.020417
0.010050
0.027700
0.000000
0.000083
0.110500
0.000000
0.000000
0.000000
0.005517
0.000000
0.000000
0.000017
0.000000
0.000000
0.000000
0.016734
0.004037
0.007186
0.013250
0.025360
0.029162
0.032245
0.020268
0.000687
0.000101
0.000553
0.000151
0.004941
0.001658
0.007203
0.011022
0.032312
0.045042
0.021960
0.167688
0.412898
0.094975
0.026985
0.000938
0.017990
0.003317
0.000000
0.000000
0.000754
0.000570
0.000000
0.000000
0.000017
0.000000
0.000000
0.000000
0.017615
0.003278
0.006639
0.005955
0.003891
0.002455
0.000990
0.000474
0.002636
0.000028
0.002789
0.000000
0.031423
0.001604
0.058508
0.000042
0.035509
0.030000
0.087922
0.225021
0.388731
0.038954
0.054868
0.000628
0.000000
0.000000
0.000000
0.000000
0.000042
0.000000
0.000000
0.000000
0.000000
0.000000
0.000000
0.000000
0.153640
0.010819
0.000375
0.000614
0.000444
0.000444
0.000319
0.000626
0.021354
0.000159
0.009317
0.000466
0.034300
0.004778
0.038328
0.153458
0.046621
0.015836
0.041479
0.378680
0.084255
0.000455
0.002503
0.000000
0.000034
0.000000
0.000000
0.000000
0.000592
0.000000
0.000000
0.000000
0.000102
0.000000
0.000000
0.000000
0.067854
0.053538
0.015466
0.002605
0.001418
0.000013
0.000013
0.000000
0.032158
0.000026
0.001443
0.000000
0.028404
0.003346
0.068301
0.105939
0.031750
0.003142
0.078084
0.217586
0.117497
0.000000
0.001941
0.000000
0.031034
0.000000
0.014061
0.000000
0.098838
0.000000
0.000843
0.000000
0.024700
0.000000
0.000000
0.000000
0.137055
0.016336
0.004989
0.004749
0.006587
0.006221
0.006929
0.017740
0.005982
0.000011
0.000057
0.000000
0.069726
0.004932
0.041096
0.006313
0.052158
0.032728
0.109943
0.098687
0.041495
0.002694
0.002991
0.000023
0.010970
0.001210
0.000925
0.000000
0.035400
0.109167
0.128482
0.043721
0.000685
0.000000
0.000000
0.000000
0.012356
0.007828
0.009862
0.016046
0.012805
0.050483
0.171816
0.364770
0.001103
0.000609
0.015816
0.000126
0.009023
0.002736
0.026552
0.008816
0.001609
0.037506
0.000747
0.178172
0.046621
0.004713
0.000540
0.000000
0.004667
0.000000
0.000000
0.000000
0.004563
0.010103
0.000000
0.000000
0.000011
0.000000
0.000000
0.000000
0.000280
0.000074
0.006549
0.022463
0.026563
0.024336
0.010487
0.000000
0.000015
0.000000
0.008230
0.000044
0.001785
0.002035
0.014086
0.031681
0.013968
0.007227
0.098717
0.007006
0.017625
0.000221
0.003628
0.000000
0.000295
0.000000
0.000000
0.000000
0.701711
0.000973
0.000000
0.000000
0.000000
0.000000
0.000000
0.000000
0.134740
0.005046
0.003165
0.004526
0.005015
0.001453
0.000428
0.000183
0.000657
0.002737
0.009052
0.001009
0.006881
0.019954
0.062752
0.159220
0.024190
0.016743
0.008058
0.060734
0.092324
0.000122
0.004786
0.000000
0.000489
0.000000
0.000000
0.000000
0.021239
0.069511
0.129297
0.155535
0.000153
0.000000
0.000000
0.000000
0.224060
0.003148
0.001268
0.002094
0.001724
0.001097
0.000613
0.000427
0.000043
0.000000
0.000000
0.000000
0.002735
0.001724
0.003519
0.000670
0.069558
0.106966
0.041368
0.020769
0.053305
0.002507
0.000641
0.000000
0.020185
0.000057
0.000000
0.000000
0.158989
0.279601
0.002934
0.000000
0.000000
0.000000
0.000000
0.000000
0.086444
0.011911
0.024015
0.021244
0.015526
0.009393
0.006519
0.002593
0.004800
0.000000
0.002756
0.000000
0.172030
0.000341
0.097452
0.000000
0.083615
0.023511
0.145881
0.075156
0.176593
0.003778
0.036430
0.000015
0.000000
0.000000
0.000000
0.000000
0.000000
0.000000
0.000000
0.000000
0.000000
0.000000
0.000000
0.000000
0.615333
0.000291
0.000291
0.007436
0.000239
0.000205
0.000222
0.002359
0.001145
0.000000
0.056513
0.000017
0.000205
0.000581
0.003590
0.003368
0.013761
0.085419
0.003778
0.165504
0.009504
0.000564
0.029043
0.000479
0.000000
0.000000
0.000000
0.000000
0.000103
0.000000
0.000000
0.000000
0.000051
0.000000
0.000000
0.000000
0.361318
0.111256
0.043395
0.026016
0.013333
0.006899
0.006109
0.000155
0.106295
0.005116
0.005767
0.000000
0.032403
0.014372
0.024062
0.003473
0.009194
0.028543
0.012481
0.064884
0.003256
0.000000
0.000016
0.000000
0.059504
0.000000
0.000000
0.000000
0.032465
0.000000
0.000000
0.000000
0.029659
0.000031
0.000000
0.000000
0.189259
0.044281
0.013081
0.010207
0.013289
0.007837
0.007230
0.004874
0.001200
0.000015
0.001393
0.000000
0.024770
0.010519
0.072430
0.045230
0.031585
0.010978
0.113704
0.173970
0.190607
0.001600
0.008696
0.000000
0.012311
0.000000
0.000104
0.000000
0.010741
0.000074
0.000000
0.000000
0.000015
0.000000
0.000000
0.000000
0.297556
0.000085
0.000034
0.000000
0.000000
0.000000
0.000000
0.000000
0.005504
0.000410
0.028650
0.001179
0.100393
0.018821
0.096530
0.168188
0.172838
0.000342
0.001504
0.000000
0.106103
0.000000
0.001863
0.000000
0.000000
0.000000
0.000000
0.000000
0.000000
0.000000
0.000000
0.000000
0.000000
0.000000
0.000000
0.000000
0.097758
0.001855
0.000000
0.000000
0.000000
0.000000
0.000000
0.000000
0.000558
0.000000
0.003333
0.000036
0.007952
0.105200
0.156606
0.466145
0.008558
0.016655
0.040982
0.031697
0.049503
0.000097
0.012848
0.000000
0.000206
0.000000
0.000000
0.000000
0.000012
0.000000
0.000000
0.000000
0.000000
0.000000
0.000000
0.000000
0.158086
0.008465
0.002607
0.001683
0.000644
0.000231
0.000033
0.000000
0.015578
0.000000
0.005908
0.000000
0.038630
0.019703
0.076931
0.028053
0.017063
0.023317
0.011271
0.058053
0.084620
0.000000
0.000363
0.000000
0.010231
0.000000
0.000033
0.000000
0.076898
0.001287
0.359538
0.000000
0.000776
0.000000
0.000000
0.000000
0.208581
0.004418
0.003668
0.003700
0.002679
0.001260
0.000702
0.007033
0.011292
0.000144
0.006715
0.000000
0.060750
0.014705
0.097337
0.027974
0.008102
0.025582
0.013955
0.096077
0.028804
0.000973
0.000893
0.000000
0.045614
0.007081
0.008533
0.000000
0.030032
0.008166
0.204370
0.070813
0.000048
0.000000
0.000000
0.000000
0.020137
0.006317
0.000350
0.000228
0.000335
0.001157
0.004703
0.603196
0.025845
0.000411
0.006012
0.000015
0.014429
0.057717
0.103075
0.072527
0.000883
0.007154
0.002481
0.006895
0.026941
0.000989
0.031826
0.000076
0.005403
0.000000
0.000700
0.000000
0.000000
0.000000
0.000000
0.000000
0.000198
0.000000
0.000000
0.000000
0.007449
0.002286
0.000710
0.000301
0.000229
0.000048
0.000072
0.000000
0.000626
0.000012
0.003574
0.000000
0.002912
0.008026
0.048219
0.033057
0.010818
0.014813
0.070710
0.207316
0.012623
0.000854
0.001215
0.000000
0.003333
0.000000
0.000000
0.000000
0.034645
0.000662
0.533995
0.001492
0.000000
0.000000
0.000000
0.000000
0.008893
0.006157
0.006256
0.133271
0.026107
0.031206
0.022786
0.001493
0.015883
0.000945
0.000162
0.000000
0.026070
0.114677
0.000896
0.014092
0.007587
0.107512
0.000162
0.009627
0.003022
0.000771
0.000000
0.000000
0.017338
0.000062
0.000000
0.000000
0.103047
0.341978
0.000000
0.000000
0.000000
0.000000
0.000000
0.000000
0.003299
0.000000
0.000000
0.000000
0.000034
0.000333
0.003184
0.010149
0.000000
0.000000
0.000747
0.000000
0.000920
0.010011
0.083575
0.110908
0.006368
0.492828
0.037207
0.191080
0.002103
0.000517
0.046736
0.000000
0.000000
0.000000
0.000000
0.000000
0.000000
0.000000
0.000000
0.000000
0.000000
0.000000
0.000000
0.000000
0.024928
0.003423
0.003513
0.004014
0.038136
0.011111
0.000000
0.000000
0.000484
0.000018
0.030376
0.001147
0.007419
0.010986
0.033548
0.202007
0.053871
0.008746
0.004176
0.001685
0.083351
0.000430
0.001290
0.000000
0.004857
0.003996
0.000000
0.000000
0.004713
0.461774
0.000000
0.000000
0.000000
0.000000
0.000000
0.000000
0.368308
0.000000
0.000025
0.000012
0.000025
0.000012
0.000000
0.000000
0.000137
0.000572
0.014714
0.014714
0.003843
0.008520
0.024428
0.249776
0.001405
0.009502
0.004950
0.299055
0.000000
0.000000
0.000000
0.000000
0.000000
0.000000
0.000000
0.000000
0.000000
0.000000
0.000000
0.000000
0.000000
0.000000
0.000000
0.000000
0.001700
0.000000
0.000105
0.017523
0.411410
0.150277
0.000026
0.000000
0.003794
0.000817
0.031397
0.000040
0.013030
0.005402
0.025823
0.076891
0.027022
0.013715
0.009302
0.210501
0.001133
0.000040
0.000000
0.000000
0.000000
0.000000
0.000000
0.000000
0.000026
0.000026
0.000000
0.000000
0.000000
0.000000
0.000000
0.000000
0.003189
0.000067
0.000089
0.000067
0.000100
0.000100
0.000822
0.846156
0.000111
0.000000
0.000022
0.000000
0.003844
0.001311
0.013722
0.017167
0.002044
0.010178
0.007378
0.032100
0.005722
0.004756
0.045200
0.005856
0.000000
0.000000
0.000000
0.000000
0.000000
0.000000
0.000000
0.000000
0.000000
0.000000
0.000000
0.000000
0.050560
0.056814
0.001431
0.001755
0.002507
0.011298
0.049941
0.008968
0.031239
0.001563
0.010693
0.000192
0.077729
0.028569
0.050192
0.125590
0.015560
0.203496
0.007345
0.220546
0.002979
0.036726
0.000103
0.000000
0.000000
0.000000
0.000000
0.000000
0.001490
0.000000
0.000000
0.000000
0.002714
0.000000
0.000000
0.000000
0.288175
0.001603
0.000762
0.001079
0.001429
0.002286
0.004778
0.346968
0.001063
0.000032
0.003190
0.000000
0.004714
0.003429
0.046476
0.057635
0.015746
0.013286
0.030984
0.055524
0.066143
0.001302
0.051968
0.001413
0.000016
0.000000
0.000000
0.000000
0.000000
0.000000
0.000000
0.000000
0.000000
0.000000
0.000000
0.000000
0.123680
0.005511
0.004547
0.006551
0.008825
0.012119
0.023102
0.490308
0.001657
0.000000
0.001908
0.000000
0.001792
0.000000
0.000077
0.000000
0.019576
0.037611
0.013507
0.134200
0.040308
0.002987
0.071137
0.000000
0.000058
0.000000
0.000000
0.000000
0.000443
0.000000
0.000019
0.000000
0.000077
0.000000
0.000000
0.000000
0.047593
0.000362
0.000158
0.000090
0.000079
0.000226
0.000610
0.409684
0.086893
0.002407
0.027164
0.001492
0.000282
0.015650
0.007763
0.079153
0.000023
0.094757
0.000000
0.223638
0.000000
0.000000
0.000000
0.000000
0.000000
0.000000
0.000000
0.000000
0.000000
0.000000
0.000000
0.000000
0.001842
0.000000
0.000136
0.000000
0.002596
0.000374
0.000503
0.000912
0.001392
0.002620
0.006152
0.430269
0.000070
0.000000
0.000760
0.000000
0.019357
0.020480
0.036339
0.025135
0.003743
0.145041
0.000702
0.143216
0.000000
0.000269
0.000000
0.000000
0.000000
0.000000
0.000000
0.000000
0.013462
0.089766
0.012094
0.044643
0.000105
0.000000
0.000000
0.000000
0.039575
0.000201
0.000022
0.000000
0.000000
0.000056
0.000034
0.397338
0.004888
0.000000
0.000694
0.000000
0.011018
0.010772
0.065872
0.333378
0.009933
0.076734
0.033110
0.015940
0.000000
0.000436
0.000000
0.000000
0.000000
0.000000
0.000000
0.000000
0.000000
0.000000
0.000000
0.000000
0.000000
0.000000
0.000000
0.000000
0.071002
0.006430
0.000833
0.000293
0.000495
0.000113
0.000034
0.000000
0.197207
0.001892
0.036351
0.005495
0.035045
0.020495
0.092917
0.312872
0.018998
0.003164
0.006284
0.098896
0.059595
0.000000
0.003953
0.000000
0.000000
0.000000
0.000000
0.000000
0.006881
0.000822
0.000405
0.000000
0.019527
0.000000
0.000000
0.000000
0.111773
0.004833
0.008242
0.034318
0.014970
0.008364
0.009758
0.246455
0.033015
0.000227
0.011955
0.000000
0.033258
0.187015
0.005212
0.016288
0.016424
0.006742
0.000773
0.000015
0.100985
0.000318
0.000030
0.000000
0.071364
0.000030
0.000000
0.000000
0.039970
0.000000
0.001455
0.000000
0.010636
0.000000
0.025576
0.000000
0.052199
0.004398
0.003229
0.003530
0.004931
0.002986
0.001412
0.022095
0.003924
0.000000
0.007095
0.000000
0.006794
0.004780
0.093275
0.047500
0.013380
0.040556
0.030417
0.063449
0.027546
0.001655
0.012292
0.000000
0.005949
0.000347
0.000312
0.000000
0.059931
0.020312
0.465567
0.000000
0.000139
0.000000
0.000000
0.000000
0.348317
0.000367
0.000233
0.001600
0.000667
0.001200
0.005583
0.009267
0.006717
0.010233
0.000300
0.000000
0.014500
0.010317
0.053450
0.030017
0.047350
0.004600
0.034050
0.068717
0.299983
0.002467
0.050067
0.000000
0.000000
0.000000
0.000000
0.000000
0.000000
0.000000
0.000000
0.000000
0.000000
0.000000
0.000000
0.000000
0.075887
0.004478
0.004859
0.005025
0.009552
0.028126
0.000232
0.000730
0.028740
0.007148
0.054063
0.003881
0.008607
0.012620
0.047081
0.497977
0.020332
0.009486
0.013615
0.020697
0.087015
0.002272
0.006269
0.000000
0.043964
0.000846
0.004378
0.000000
0.001841
0.000133
0.000000
0.000000
0.000149
0.000000
0.000000
0.000000
0.012840
0.000022
0.000011
0.000056
0.002492
0.006947
0.012817
0.527935
0.016094
0.003333
0.031526
0.005174
0.009405
0.043367
0.019989
0.301930
0.000875
0.003008
0.000471
0.001470
0.000000
0.000022
0.000000
0.000000
0.000000
0.000000
0.000000
0.000000
0.000000
0.000000
0.000000
0.000000
0.000213
0.000000
0.000000
0.000000
0.018800
0.017259
0.014726
0.007941
0.008133
0.010207
0.021570
0.574474
0.000000
0.000000
0.000281
0.000000
0.018578
0.006311
0.041644
0.021689
0.006030
0.015644
0.005037
0.160415
0.049926
0.000015
0.001185
0.000000
0.000015
0.000000
0.000000
0.000000
0.000119
0.000000
0.000000
0.000000
0.000000
0.000000
0.000000
0.000000
0.006939
0.003184
0.008354
0.008952
0.006830
0.001129
0.000095
0.000000
0.000680
0.000000
0.000000
0.000000
0.011061
0.007605
0.025728
0.114939
0.035905
0.011279
0.081497
0.067293
0.018204
0.000014
0.000721
0.000000
0.004313
0.000000
0.000000
0.000000
0.455810
0.128544
0.000639
0.000054
0.000231
0.000000
0.000000
0.000000
0.330543
0.003846
0.001674
0.003575
0.004163
0.006727
0.010030
0.016154
0.000860
0.000000
0.000362
0.000000
0.003741
0.002428
0.024329
0.104555
0.032866
0.008944
0.027210
0.024947
0.234555
0.007164
0.150769
0.000015
0.000452
0.000000
0.000000
0.000000
0.000090
0.000000
0.000000
0.000000
0.000000
0.000000
0.000000
0.000000
0.005745
0.002979
0.001504
0.001574
0.002738
0.007532
0.007702
0.007915
0.010340
0.000468
0.076269
0.000099
0.008950
0.016539
0.088085
0.180511
0.032908
0.038085
0.010043
0.003957
0.022553
0.000496
0.000809
0.000000
0.001787
0.001220
0.000000
0.000000
0.002099
0.466993
0.000043
0.000000
0.000057
0.000000
0.000000
0.000000
0.030497
0.000068
0.000011
0.000056
0.000158
0.000136
0.000147
0.429028
0.010463
0.000610
0.021220
0.000113
0.006610
0.005492
0.059921
0.071559
0.000983
0.050181
0.014712
0.297989
0.000000
0.000011
0.000000
0.000000
0.000000
0.000000
0.000000
0.000000
0.000000
0.000000
0.000000
0.000000
0.000034
0.000000
0.000000
0.000000
0.000000
0.000000
0.000000
0.000000
0.000000
0.000000
0.000037
0.353818
0.000037
0.000572
0.014129
0.014652
0.000261
0.008221
0.009975
0.241891
0.000000
0.047413
0.000000
0.308993
0.000000
0.000000
0.000000
0.000000
0.000000
0.000000
0.000000
0.000000
0.000000
0.000000
0.000000
0.000000
0.000000
0.000000
0.000000
0.000000
0.001263
0.000047
0.000234
0.001088
0.004117
0.008047
0.010971
0.313708
0.000000
0.000000
0.000012
0.000000
0.008947
0.006643
0.101789
0.039778
0.033918
0.041556
0.131918
0.181228
0.044257
0.022269
0.043684
0.000140
0.000047
0.000000
0.000000
0.000000
0.000000
0.004339
0.000000
0.000000
0.000000
0.000000
0.000000
0.000000
0.283199
0.010787
0.005343
0.003434
0.003920
0.007253
0.077504
0.001541
0.000821
0.000000
0.016516
0.000000
0.006784
0.000285
0.121223
0.009732
0.060268
0.018794
0.089581
0.047303
0.126985
0.005762
0.042312
0.003903
0.014221
0.001893
0.000000
0.000000
0.024958
0.015678
0.000000
0.000000
0.000000
0.000000
0.000000
0.000000
0.202961
0.000682
0.001054
0.001643
0.005364
0.011411
0.013380
0.122884
0.000248
0.000000
0.000124
0.000000
0.002589
0.001209
0.077101
0.061705
0.019023
0.011039
0.120481
0.079194
0.039643
0.001938
0.206124
0.000155
0.000186
0.000000
0.000000
0.000000
0.001798
0.018062
0.000000
0.000000
0.000000
0.000000
0.000000
0.000000
0.000127
0.003905
0.014794
0.000667
0.000397
0.000429
0.000762
0.001714
0.667127
0.003841
0.004429
0.004968
0.125810
0.044524
0.012381
0.054190
0.045016
0.011460
0.000667
0.000127
0.000206
0.000000
0.000000
0.000000
0.000000
0.000000
0.000000
0.000000
0.000000
0.000000
0.000000
0.000000
0.002460
0.000000
0.000000
0.000000
0.491407
0.000000
0.000044
0.000015
0.000104
0.000059
0.000030
0.000000
0.001659
0.003881
0.074044
0.007481
0.003837
0.006474
0.132207
0.093022
0.008993
0.004756
0.020859
0.131348
0.010459
0.000030
0.009244
0.000000
0.000000
0.000000
0.000000
0.000000
0.000015
0.000000
0.000000
0.000000
0.000030
0.000000
0.000000
0.000000
0.000012
0.000000
0.000000
0.000233
0.010373
0.013928
0.020991
0.216469
0.047168
0.017925
0.004545
0.018054
0.098706
0.072646
0.019802
0.157424
0.006585
0.072203
0.001923
0.220979
0.000035
0.000000
0.000000
0.000000
0.000000
0.000000
0.000000
0.000000
0.000000
0.000000
0.000000
0.000000
0.000000
0.000000
0.000000
0.000000
0.028167
0.017583
0.001450
0.000600
0.000683
0.002483
0.095783
0.123267
0.001850
0.000133
0.004033
0.000833
0.060167
0.008217
0.052200
0.219850
0.082333
0.004983
0.010817
0.089533
0.177183
0.000017
0.000117
0.000000
0.012367
0.000000
0.000000
0.000000
0.003633
0.001717
0.000000
0.000000
0.000000
0.000000
0.000000
0.000000
0.023378
0.000000
0.000000
0.000030
0.000178
0.000459
0.001911
0.024104
0.001852
0.000015
0.004830
0.000000
0.023881
0.000859
0.137274
0.053289
0.007733
0.028000
0.059526
0.413185
0.086193
0.057215
0.045837
0.000356
0.000044
0.006193
0.000000
0.000000
0.000000
0.023659
0.000000
0.000000
0.000000
0.000000
0.000000
0.000000
0.007391
0.000791
0.001498
0.002727
0.005640
0.012020
0.015337
0.111195
0.000017
0.000017
0.000000
0.000000
0.001717
0.002643
0.070606
0.072323
0.035640
0.060943
0.068653
0.054242
0.159882
0.011414
0.026162
0.000000
0.005118
0.000000
0.000000
0.000000
0.006481
0.267525
0.000017
0.000000
0.000000
0.000000
0.000000
0.000000
0.719834
0.002912
0.000945
0.000562
0.000383
0.000294
0.000115
0.000166
0.000192
0.000000
0.000000
0.000000
0.006079
0.000958
0.017650
0.021558
0.013359
0.003819
0.021137
0.086794
0.094163
0.000128
0.008953
0.000000
0.000000
0.000000
0.000000
0.000000
0.000000
0.000000
0.000000
0.000000
0.000000
0.000000
0.000000
0.000000
0.111920
0.008929
0.002649
0.002247
0.001443
0.000402
0.000030
0.000000
0.003720
0.000000
0.002083
0.000000
0.035833
0.002589
0.217247
0.427202
0.024330
0.000193
0.024836
0.000134
0.128185
0.000000
0.006027
0.000000
0.000000
0.000000
0.000000
0.000000
0.000000
0.000000
0.000000
0.000000
0.000000
0.000000
0.000000
0.000000
0.055397
0.002245
0.004644
0.007685
0.009344
0.005453
0.005132
0.028424
0.003333
0.000474
0.075119
0.000000
0.013654
0.009623
0.170683
0.065649
0.015370
0.027099
0.006206
0.410139
0.053975
0.026430
0.000432
0.000139
0.001325
0.000000
0.000000
0.000000
0.001046
0.000976
0.000000
0.000000
0.000000
0.000000
0.000000
0.000000
0.026367
0.000067
0.000044
0.000056
0.003133
0.438100
0.020011
0.000733
0.000156
0.000000
0.000078
0.000000
0.019311
0.012933
0.228711
0.202689
0.007144
0.005000
0.028244
0.007200
0.000000
0.000011
0.000000
0.000000
0.000000
0.000000
0.000000
0.000000
0.000000
0.000000
0.000000
0.000000
0.000011
0.000000
0.000000
0.000000
0.012667
0.004815
0.008119
0.008148
0.012400
0.010652
0.006341
0.006978
0.000074
0.000015
0.000000
0.000000
0.023481
0.001837
0.054919
0.000163
0.148311
0.065852
0.084281
0.239600
0.227778
0.066459
0.017052
0.000059
0.000000
0.000000
0.000000
0.000000
0.000000
0.000000
0.000000
0.000000
0.000000
0.000000
0.000000
0.000000
