0.026117
0.015084
0.030134
0.025253
0.003525
0.005017
0.010525
0.001559
0.005118
0.027100
0.011474
0.004203
0.010389
0.006305
0.006542
0.000881
0.001424
0.001830
0.001441
0.081164
0.005864
0.005220
0.002322
0.005356
0.004864
0.001678
0.002119
0.001813
0.002898
0.000119
0.000068
0.002373
0.046217
0.030998
0.005237
0.010254
0.008525
0.004593
0.001068
0.000830
0.001729
0.001186
0.050980
0.004271
0.005152
0.012406
0.002474
0.001932
0.039387
0.032133
0.430852
0.040372
0.016502
0.055957
0.045648
0.003321
0.005656
0.012731
0.001055
0.011486
0.053553
0.028523
0.006002
0.010845
0.012039
0.006763
0.001124
0.001712
0.002110
0.001505
0.149623
0.007421
0.007542
0.004065
0.006538
0.005380
0.004307
0.002318
0.002214
0.002837
0.000259
0.000138
0.003408
0.072251
0.055265
0.007109
0.010603
0.011018
0.007974
0.001349
0.001228
0.002162
0.001349
0.079551
0.004740
0.005224
0.014478
0.002439
0.004878
0.062409
0.036169
0.106846
0.032112
0.016446
0.039986
0.032045
0.003289
0.005698
0.014071
0.001562
0.006977
0.040867
0.018639
0.004668
0.012742
0.007542
0.006927
0.000797
0.001063
0.002043
0.001661
0.146804
0.006495
0.006894
0.002592
0.006495
0.006529
0.002326
0.002176
0.001645
0.003505
0.000116
0.000050
0.002592
0.088893
0.053808
0.006163
0.012991
0.009203
0.005150
0.001047
0.000930
0.001910
0.001429
0.085039
0.005333
0.005283
0.014835
0.002542
0.002807
0.052030
0.051881
0.161373
0.032168
0.021246
0.034156
0.028235
0.006690
0.006519
0.015218
0.002373
0.006049
0.019792
0.017185
0.007011
0.012782
0.007930
0.006540
0.002031
0.001753
0.002843
0.002116
0.056748
0.007011
0.007417
0.003933
0.004531
0.004360
0.003612
0.003527
0.003292
0.005001
0.000385
0.000256
0.002907
0.036785
0.021972
0.008058
0.011884
0.007801
0.007289
0.001945
0.002116
0.002992
0.002330
0.042919
0.008870
0.007075
0.015240
0.002437
0.004510
0.044159
0.034327
0.401680
0.024778
0.007258
0.040229
0.050362
0.000884
0.004162
0.006399
0.000364
0.005697
0.063173
0.034754
0.003382
0.007635
0.008675
0.004890
0.000143
0.000468
0.000507
0.000364
0.156561
0.005970
0.006217
0.003265
0.005398
0.004487
0.003161
0.000572
0.000520
0.000728
0.000013
0.000000
0.002705
0.136634
0.061963
0.004331
0.007986
0.007609
0.006763
0.000195
0.000286
0.000442
0.000312
0.085857
0.001912
0.003824
0.007557
0.001288
0.002614
0.048892
0.029122
0.138689
0.016985
0.007992
0.031026
0.041402
0.001133
0.002885
0.006564
0.000456
0.004150
0.073693
0.039636
0.003150
0.007859
0.006947
0.004136
0.000162
0.000294
0.000589
0.000397
0.277758
0.005357
0.005917
0.002384
0.003635
0.003738
0.001766
0.000589
0.000383
0.000809
0.000000
0.000015
0.001457
0.105322
0.095137
0.004769
0.009022
0.006976
0.003518
0.000294
0.000235
0.000545
0.000442
0.087337
0.002502
0.002723
0.007594
0.001295
0.001648
0.044389
0.022607
0.050380
0.021707
0.009158
0.035427
0.044061
0.001154
0.003216
0.008162
0.000542
0.004597
0.071431
0.031809
0.002971
0.010889
0.005960
0.004929
0.000087
0.000350
0.000629
0.000350
0.257743
0.005173
0.005890
0.002115
0.006030
0.005838
0.002062
0.000489
0.000367
0.001188
0.000000
0.000000
0.002290
0.078370
0.086462
0.004439
0.010032
0.007795
0.003653
0.000297
0.000332
0.000664
0.000350
0.079331
0.002534
0.002989
0.010434
0.001660
0.001608
0.047277
0.024434
0.090726
0.033258
0.013390
0.044837
0.044621
0.002209
0.005399
0.010997
0.001196
0.011479
0.052412
0.029686
0.004668
0.010981
0.008805
0.007127
0.000365
0.001030
0.001196
0.000980
0.201160
0.006894
0.006429
0.003339
0.005665
0.005814
0.002525
0.001479
0.001312
0.002392
0.000033
0.000050
0.003107
0.124012
0.072065
0.006495
0.010316
0.008921
0.006080
0.000399
0.000482
0.001296
0.000897
0.081185
0.002957
0.004552
0.010831
0.001578
0.003107
0.053459
0.024935
0.061599
0.039116
0.012156
0.050678
0.064021
0.001393
0.006198
0.007887
0.000548
0.009805
0.055495
0.040234
0.005387
0.009496
0.013457
0.006015
0.000205
0.000730
0.000525
0.000502
0.130005
0.007328
0.008013
0.006152
0.005034
0.004680
0.006084
0.000719
0.000742
0.000822
0.000011
0.000011
0.002911
0.072170
0.051945
0.006369
0.009884
0.007887
0.010672
0.000183
0.000445
0.000582
0.000628
0.075903
0.002157
0.006369
0.008549
0.001016
0.004577
0.052333
0.019712
0.172260
0.031849
0.020299
0.028703
0.022726
0.006172
0.006082
0.014202
0.002247
0.006412
0.016704
0.011400
0.007161
0.010397
0.007311
0.006097
0.002187
0.002097
0.002682
0.002771
0.054995
0.006801
0.006921
0.002906
0.003925
0.003461
0.002592
0.003431
0.003041
0.004914
0.000375
0.000330
0.002097
0.035145
0.019880
0.007535
0.011221
0.007475
0.005798
0.002382
0.001813
0.002801
0.002427
0.045751
0.008045
0.005843
0.015415
0.002846
0.003176
0.037257
0.042156
0.439747
0.054730
0.032895
0.052683
0.038252
0.008352
0.007825
0.022482
0.003807
0.007690
0.036838
0.019562
0.009480
0.017531
0.009315
0.009571
0.002859
0.002468
0.004499
0.002889
0.119030
0.008773
0.008773
0.003296
0.007780
0.006997
0.003025
0.004409
0.004605
0.008231
0.000406
0.000361
0.003461
0.051253
0.046423
0.010925
0.017516
0.012294
0.007163
0.003220
0.002754
0.004334
0.003596
0.062299
0.009420
0.007810
0.024122
0.005041
0.004469
0.057694
0.046197
0.100596
0.036616
0.018334
0.051087
0.046823
0.002761
0.006886
0.013318
0.001748
0.008442
0.052695
0.022791
0.005593
0.014856
0.009595
0.009351
0.000647
0.001101
0.001468
0.001223
0.182047
0.008284
0.008232
0.003251
0.007743
0.007358
0.002866
0.001451
0.001468
0.001940
0.000070
0.000070
0.002989
0.068355
0.060543
0.007201
0.014104
0.013003
0.005995
0.000752
0.000734
0.001521
0.001066
0.075294
0.003967
0.005925
0.013668
0.003024
0.002727
0.060053
0.032963
0.096005
0.072554
0.027762
0.070573
0.059678
0.004760
0.011575
0.020504
0.002099
0.009328
0.039825
0.025870
0.010599
0.018094
0.017577
0.012092
0.001227
0.002070
0.002824
0.002291
0.076250
0.010481
0.010407
0.007628
0.008160
0.008323
0.007406
0.002971
0.003341
0.004745
0.000103
0.000148
0.006076
0.029861
0.037622
0.011708
0.016557
0.013718
0.015773
0.001330
0.001434
0.002705
0.002277
0.067572
0.005218
0.010939
0.021908
0.002676
0.006726
0.073899
0.031414
0.089318
0.012681
0.004357
0.025951
0.041199
0.000412
0.002590
0.003603
0.000212
0.004133
0.078594
0.033816
0.001707
0.006005
0.006358
0.003320
0.000047
0.000165
0.000235
0.000130
0.298846
0.005334
0.004828
0.002143
0.003509
0.003273
0.001389
0.000341
0.000141
0.000200
0.000000
0.000012
0.001825
0.112834
0.098281
0.003791
0.006358
0.005781
0.002897
0.000106
0.000059
0.000153
0.000059
0.089591
0.001813
0.002131
0.004992
0.001307
0.001260
0.039739
0.024750
0.056741
0.039354
0.017457
0.056303
0.055062
0.002063
0.006307
0.015133
0.001240
0.006751
0.060115
0.034053
0.005197
0.016805
0.009950
0.008957
0.000548
0.000796
0.001645
0.000810
0.163163
0.007821
0.008435
0.003369
0.007286
0.008095
0.003369
0.001332
0.001240
0.002677
0.000091
0.000052
0.003682
0.064424
0.067205
0.006894
0.014781
0.011973
0.007534
0.000548
0.000653
0.001580
0.000849
0.084010
0.003356
0.006320
0.014572
0.002207
0.003669
0.064529
0.027277
0.068459
0.028374
0.010872
0.038958
0.035993
0.001172
0.004976
0.009676
0.000896
0.006160
0.042165
0.021973
0.003528
0.011101
0.007838
0.006344
0.000138
0.000827
0.000701
0.000632
0.161775
0.005758
0.005194
0.002781
0.004712
0.005631
0.002666
0.000839
0.000575
0.001161
0.000011
0.000011
0.003045
0.058966
0.051715
0.004850
0.009826
0.007275
0.005689
0.000276
0.000230
0.000839
0.000460
0.056702
0.002367
0.003850
0.008677
0.001161
0.002724
0.043222
0.019525
0.295164
0.048449
0.023757
0.044609
0.035460
0.006244
0.007713
0.016278
0.002154
0.010284
0.034175
0.015910
0.007646
0.011319
0.011570
0.008147
0.001770
0.002705
0.002888
0.002588
0.078917
0.008848
0.009783
0.004741
0.006678
0.005159
0.003973
0.003756
0.003589
0.004825
0.000267
0.000351
0.003456
0.095078
0.036846
0.009767
0.012171
0.010885
0.008030
0.002120
0.002304
0.002571
0.002604
0.082607
0.008381
0.007563
0.017229
0.003122
0.004791
0.054643
0.052923
0.158353
0.028164
0.018316
0.031117
0.031788
0.003966
0.005699
0.011800
0.002172
0.004161
0.044344
0.025540
0.005613
0.010519
0.006699
0.006358
0.001306
0.001245
0.001794
0.001623
0.237865
0.006675
0.006101
0.002685
0.004344
0.004808
0.002282
0.002282
0.001855
0.002916
0.000098
0.000171
0.001940
0.102074
0.059671
0.006321
0.010506
0.007126
0.004710
0.001367
0.000879
0.001806
0.001232
0.065979
0.004954
0.004844
0.011117
0.002087
0.001891
0.038914
0.029018
0.129262
0.031353
0.011863
0.042274
0.051599
0.001040
0.005832
0.007714
0.000594
0.006439
0.047673
0.036814
0.004371
0.009188
0.009423
0.006352
0.000186
0.000755
0.000446
0.000669
0.150128
0.005696
0.005510
0.004062
0.004990
0.004544
0.003678
0.000693
0.000706
0.000929
0.000000
0.000000
0.003975
0.070544
0.049333
0.004990
0.009052
0.007739
0.007529
0.000235
0.000607
0.000681
0.000495
0.068167
0.002266
0.004668
0.007690
0.001139
0.003492
0.048317
0.019428
0.234132
0.029884
0.010601
0.046496
0.038031
0.001269
0.004608
0.010685
0.000785
0.007863
0.049768
0.022188
0.003239
0.011386
0.009449
0.006745
0.000234
0.000568
0.001102
0.000668
0.165147
0.006344
0.006060
0.002872
0.005910
0.006344
0.002721
0.001018
0.001018
0.001703
0.000050
0.000033
0.003139
0.095613
0.061855
0.004658
0.011353
0.009550
0.005960
0.000234
0.000250
0.001269
0.000634
0.082908
0.002471
0.003823
0.011887
0.001703
0.002872
0.056529
0.031103
0.157401
0.058838
0.031781
0.055858
0.049914
0.007840
0.009375
0.021970
0.003672
0.007163
0.038839
0.023415
0.009390
0.019878
0.010639
0.011512
0.002347
0.002378
0.003897
0.002739
0.108662
0.009856
0.009616
0.003596
0.008758
0.008352
0.004153
0.004439
0.003792
0.006546
0.000421
0.000361
0.004544
0.041532
0.045716
0.011166
0.018795
0.013829
0.009194
0.002468
0.002378
0.003717
0.002844
0.069958
0.007720
0.009164
0.022963
0.004319
0.004665
0.063879
0.041216
0.079935
0.052066
0.019713
0.065760
0.056686
0.002543
0.008337
0.017862
0.001851
0.007780
0.048199
0.025160
0.006862
0.019547
0.012129
0.011888
0.000466
0.001099
0.002016
0.001550
0.137855
0.008246
0.008126
0.004244
0.009014
0.009977
0.004590
0.001851
0.001700
0.003356
0.000105
0.000075
0.004845
0.043504
0.053300
0.007840
0.018088
0.014416
0.010187
0.000527
0.001023
0.001685
0.001399
0.074262
0.003205
0.007494
0.018765
0.002874
0.005177
0.074849
0.027733
0.078174
0.028587
0.010842
0.045467
0.041489
0.001347
0.004373
0.011059
0.000966
0.007067
0.053895
0.024431
0.003101
0.012279
0.008173
0.006178
0.000229
0.000508
0.001119
0.000521
0.157006
0.006279
0.005860
0.002542
0.007093
0.005669
0.002046
0.000750
0.000737
0.002135
0.000025
0.000025
0.002479
0.082583
0.061343
0.005008
0.011249
0.009254
0.005326
0.000242
0.000318
0.000941
0.000699
0.085977
0.003190
0.004284
0.011427
0.002110
0.002593
0.056297
0.034510
0.168370
0.040223
0.018930
0.048545
0.044813
0.004379
0.006772
0.016297
0.001851
0.006305
0.051118
0.018945
0.005673
0.016357
0.009510
0.009887
0.001354
0.001129
0.002272
0.001520
0.166717
0.008562
0.008668
0.002964
0.009435
0.008683
0.002949
0.002152
0.001731
0.003897
0.000075
0.000135
0.003627
0.061892
0.063156
0.007599
0.017576
0.015018
0.006230
0.001384
0.000888
0.002197
0.001234
0.077964
0.004981
0.006425
0.018328
0.003777
0.003085
0.062931
0.038222
0.081635
0.057950
0.030668
0.056159
0.046724
0.007960
0.009811
0.019758
0.002663
0.008713
0.037409
0.023490
0.009781
0.017275
0.012189
0.010579
0.002679
0.003145
0.003115
0.002648
0.108391
0.010458
0.010955
0.004755
0.007674
0.007509
0.004770
0.004439
0.004018
0.005523
0.000406
0.000557
0.003973
0.045866
0.041457
0.011166
0.017967
0.012535
0.010504
0.002453
0.002378
0.002829
0.002227
0.065820
0.008306
0.009059
0.021519
0.003762
0.005673
0.067716
0.039937
0.092681
0.050763
0.016733
0.070287
0.049268
0.002379
0.007703
0.016809
0.001312
0.015451
0.040085
0.026007
0.006467
0.016123
0.013987
0.009808
0.000427
0.000976
0.001678
0.001205
0.117694
0.007337
0.007459
0.005049
0.007840
0.007947
0.004576
0.001846
0.001541
0.003066
0.000031
0.000031
0.004728
0.057276
0.045348
0.006940
0.013987
0.011516
0.010631
0.000564
0.000763
0.001663
0.000930
0.072468
0.003173
0.006544
0.015772
0.002013
0.007169
0.076678
0.026876
0.123078
0.027797
0.009874
0.045431
0.064420
0.001033
0.005292
0.007841
0.000516
0.005501
0.072938
0.042898
0.003953
0.012261
0.009583
0.007147
0.000145
0.000452
0.000500
0.000468
0.202907
0.007179
0.007034
0.003743
0.006792
0.006018
0.003372
0.000742
0.000452
0.000903
0.000000
0.000000
0.004227
0.074003
0.078101
0.005195
0.011084
0.009986
0.007631
0.000177
0.000113
0.000549
0.000258
0.090523
0.001759
0.004614
0.009325
0.001500
0.003162
0.057434
0.021506
0.061661
0.024320
0.007999
0.038353
0.032506
0.000814
0.004339
0.008186
0.000559
0.009457
0.046624
0.018406
0.002763
0.007745
0.008118
0.004983
0.000220
0.000508
0.000847
0.000661
0.126432
0.005678
0.005474
0.002424
0.006983
0.004813
0.002034
0.000746
0.000576
0.001119
0.000000
0.000000
0.002424
0.100027
0.052539
0.004237
0.008643
0.009508
0.004423
0.000169
0.000356
0.000864
0.000441
0.084876
0.003237
0.003423
0.009593
0.002695
0.002169
0.053234
0.040912
0.242543
0.069124
0.040337
0.052022
0.052618
0.010953
0.012247
0.020356
0.004565
0.005468
0.032961
0.021889
0.013951
0.018772
0.011464
0.012316
0.003679
0.003015
0.004071
0.003441
0.076738
0.011839
0.012639
0.005349
0.007325
0.006967
0.005451
0.005298
0.005740
0.006848
0.000443
0.000460
0.004327
0.030576
0.031053
0.014206
0.019606
0.013712
0.010987
0.003271
0.003407
0.004020
0.003765
0.058819
0.011992
0.011447
0.023609
0.005076
0.005178
0.057149
0.048394
0.101063
0.057203
0.022032
0.067426
0.061238
0.002917
0.009246
0.018166
0.001996
0.006386
0.050803
0.026916
0.006556
0.019398
0.012842
0.014428
0.000538
0.000991
0.001756
0.001572
0.112352
0.008665
0.009048
0.004517
0.012517
0.011823
0.004276
0.001869
0.001600
0.003738
0.000014
0.000028
0.006230
0.037422
0.054130
0.007589
0.018987
0.016014
0.010577
0.000481
0.000906
0.001756
0.001501
0.075893
0.003073
0.008651
0.019823
0.002888
0.004361
0.074321
0.027639
0.074902
0.040453
0.014680
0.059342
0.052088
0.001972
0.006481
0.013976
0.001003
0.010229
0.053299
0.024516
0.004786
0.012985
0.010944
0.008349
0.000311
0.000853
0.001315
0.001441
0.141470
0.007472
0.007530
0.004370
0.007553
0.007069
0.004140
0.001372
0.000946
0.002076
0.000058
0.000035
0.003137
0.068729
0.056839
0.006561
0.013181
0.011889
0.008337
0.000415
0.000600
0.001130
0.000969
0.084954
0.002814
0.006216
0.013354
0.001960
0.004001
0.066618
0.030236
0.114947
0.026418
0.008966
0.049662
0.048016
0.001024
0.004664
0.009640
0.000816
0.007800
0.065650
0.029126
0.002604
0.011013
0.009018
0.006426
0.000130
0.000441
0.000764
0.000350
0.201472
0.006232
0.006698
0.002941
0.007307
0.006958
0.002190
0.000700
0.000531
0.001114
0.000000
0.000026
0.003174
0.089749
0.082584
0.003939
0.010521
0.010456
0.005338
0.000207
0.000220
0.000855
0.000311
0.097134
0.002332
0.003537
0.010223
0.001853
0.002786
0.062502
0.026366
0.067218
0.052615
0.020435
0.068028
0.050428
0.003147
0.007811
0.018283
0.001666
0.010553
0.043636
0.026105
0.007093
0.019428
0.013168
0.009211
0.000544
0.001203
0.001967
0.001088
0.125839
0.008655
0.009130
0.005103
0.007313
0.006989
0.004362
0.001932
0.001470
0.003610
0.000081
0.000058
0.004501
0.055184
0.045267
0.008146
0.018896
0.011490
0.009801
0.000602
0.000822
0.002141
0.000995
0.074254
0.004015
0.007116
0.020088
0.002326
0.006260
0.081960
0.029819
0.085362
0.022558
0.008086
0.039266
0.031378
0.000944
0.003647
0.009263
0.000641
0.012246
0.044661
0.017105
0.002319
0.008413
0.008226
0.004940
0.000256
0.000687
0.000874
0.000699
0.124732
0.005616
0.005896
0.002540
0.006129
0.004369
0.001888
0.000757
0.000443
0.001596
0.000023
0.000012
0.002167
0.100380
0.048448
0.004323
0.009321
0.008378
0.003915
0.000350
0.000303
0.000827
0.000478
0.088891
0.002971
0.003018
0.009286
0.002179
0.002121
0.051256
0.041142
0.250035
0.016000
0.004285
0.035909
0.040224
0.000449
0.003176
0.005663
0.000270
0.007865
0.066859
0.025617
0.001393
0.006876
0.008734
0.004270
0.000060
0.000419
0.000195
0.000345
0.165268
0.006082
0.005962
0.002697
0.007131
0.004524
0.001618
0.000360
0.000165
0.000315
0.000000
0.000015
0.002037
0.115877
0.075773
0.004299
0.008030
0.010232
0.004150
0.000360
0.000075
0.000285
0.000180
0.120701
0.002682
0.002337
0.006801
0.002846
0.001573
0.057721
0.045167
0.116131
0.040843
0.018410
0.046094
0.037239
0.002284
0.006245
0.016701
0.002237
0.005764
0.037037
0.017897
0.004707
0.015831
0.007877
0.009694
0.000715
0.000963
0.002051
0.001616
0.100951
0.006137
0.005826
0.002408
0.007612
0.007286
0.002284
0.002097
0.002097
0.003542
0.000078
0.000047
0.003278
0.137553
0.040797
0.005686
0.016095
0.011512
0.005267
0.000668
0.000746
0.001864
0.001818
0.070781
0.004179
0.006401
0.017214
0.002890
0.003154
0.050957
0.038171
0.166403
0.022391
0.009272
0.030505
0.024676
0.001345
0.003283
0.009836
0.001041
0.006364
0.044695
0.016460
0.002430
0.009619
0.005381
0.004556
0.000275
0.000564
0.001186
0.000738
0.175119
0.004961
0.004744
0.001620
0.005193
0.004166
0.001143
0.000839
0.000607
0.002039
0.000043
0.000014
0.001519
0.135516
0.065697
0.005381
0.010067
0.007261
0.002719
0.000376
0.000333
0.001027
0.000665
0.093092
0.003804
0.003110
0.010082
0.001707
0.001837
0.041238
0.048065
0.171401
0.045189
0.022602
0.048740
0.045595
0.004815
0.007073
0.016568
0.002077
0.005809
0.050456
0.031089
0.007825
0.014266
0.008848
0.007223
0.001490
0.001866
0.002498
0.001520
0.179207
0.008427
0.007825
0.003491
0.006275
0.005793
0.003657
0.002287
0.002513
0.004665
0.000135
0.000196
0.003130
0.068935
0.059921
0.008848
0.016568
0.010037
0.007539
0.001369
0.001204
0.002483
0.001700
0.071282
0.006140
0.007554
0.018374
0.002814
0.003732
0.057724
0.033106
0.067520
0.029210
0.015388
0.026637
0.017648
0.004069
0.004521
0.011980
0.002034
0.025994
0.011841
0.010537
0.004903
0.008780
0.006538
0.005616
0.001426
0.001600
0.002765
0.002226
0.040668
0.005129
0.005251
0.004260
0.003617
0.003773
0.003477
0.002904
0.002365
0.003877
0.000243
0.000348
0.002347
0.158587
0.013336
0.006520
0.008763
0.006538
0.004190
0.001513
0.001374
0.002312
0.002017
0.036009
0.007633
0.005025
0.012449
0.002173
0.002556
0.034618
0.030532
0.391887
0.017976
0.007798
0.035054
0.039717
0.000961
0.003261
0.006837
0.000677
0.011390
0.065996
0.038220
0.002111
0.008886
0.006869
0.004522
0.000173
0.000284
0.000284
0.000394
0.266156
0.004332
0.005041
0.002426
0.004254
0.004112
0.002017
0.000536
0.000331
0.000898
0.000032
0.000016
0.001954
0.119577
0.083231
0.003702
0.007861
0.006018
0.003970
0.000189
0.000173
0.000362
0.000221
0.072376
0.001465
0.003261
0.006648
0.001197
0.002237
0.042915
0.017440
0.083641
0.029133
0.011798
0.051253
0.056385
0.000647
0.004921
0.010835
0.001384
0.006034
0.070831
0.030894
0.003386
0.015469
0.007930
0.008276
0.000090
0.000361
0.000767
0.000542
0.217609
0.006410
0.006591
0.002137
0.009360
0.008863
0.001941
0.000542
0.000391
0.001083
0.000000
0.000000
0.003657
0.063969
0.077919
0.004364
0.014852
0.011452
0.005222
0.000181
0.000196
0.000677
0.000241
0.084058
0.001761
0.004981
0.011542
0.002769
0.002874
0.061862
0.023129
0.058431
0.027785
0.010328
0.042511
0.048267
0.001721
0.005147
0.011076
0.000852
0.005929
0.067792
0.028915
0.004468
0.010693
0.009389
0.007163
0.000243
0.000695
0.000887
0.000626
0.203568
0.007077
0.006729
0.003321
0.007981
0.006781
0.002869
0.000765
0.000782
0.001617
0.000035
0.000017
0.003182
0.081632
0.082015
0.006329
0.011545
0.011145
0.005320
0.000383
0.000348
0.001026
0.000487
0.089109
0.002382
0.004329
0.011754
0.001947
0.002000
0.057290
0.030236
0.071513
0.031406
0.012870
0.047644
0.046869
0.001217
0.005777
0.011849
0.001303
0.009022
0.056322
0.022236
0.003860
0.014013
0.008887
0.008740
0.000197
0.000553
0.000983
0.000553
0.195774
0.007387
0.006576
0.002692
0.007756
0.007646
0.002397
0.000848
0.000750
0.001745
0.000000
0.000025
0.003048
0.073641
0.063095
0.005654
0.014013
0.010964
0.005199
0.000443
0.000467
0.000774
0.000688
0.078964
0.002385
0.005335
0.012845
0.002594
0.002434
0.057145
0.033803
0.108612
0.027030
0.011829
0.042030
0.038574
0.001124
0.004899
0.010671
0.000839
0.006913
0.054648
0.021309
0.003121
0.011997
0.008020
0.006745
0.000218
0.000470
0.000990
0.000705
0.160185
0.006326
0.006644
0.002836
0.007383
0.006443
0.001963
0.000570
0.000721
0.001560
0.000000
0.000000
0.002349
0.097047
0.056678
0.005218
0.013473
0.009178
0.004077
0.000369
0.000453
0.000738
0.000671
0.085302
0.003238
0.004295
0.011896
0.002198
0.002047
0.052970
0.041997
0.159044
0.048763
0.024690
0.047093
0.032114
0.005885
0.007019
0.018497
0.002707
0.020134
0.026619
0.015012
0.006809
0.014444
0.009467
0.007781
0.001410
0.002189
0.003307
0.002107
0.073907
0.007684
0.008738
0.003226
0.006647
0.005528
0.003404
0.003453
0.003307
0.005171
0.000259
0.000178
0.002950
0.068135
0.028418
0.007781
0.015773
0.009775
0.007230
0.001978
0.001621
0.003031
0.001718
0.054405
0.006566
0.007344
0.018351
0.002869
0.005674
0.055945
0.040398
0.242486
0.037176
0.016655
0.038799
0.032072
0.003835
0.005985
0.010670
0.001361
0.005490
0.023861
0.015913
0.005969
0.009619
0.007701
0.005938
0.000820
0.001485
0.001438
0.001237
0.046531
0.006557
0.006356
0.003062
0.004222
0.003804
0.003866
0.001639
0.001732
0.002428
0.000247
0.000108
0.003108
0.031145
0.018572
0.005660
0.009340
0.006217
0.007376
0.001268
0.001299
0.001407
0.000928
0.037593
0.004856
0.005041
0.010856
0.001345
0.003680
0.036913
0.022454
0.484366
0.028298
0.011483
0.038646
0.031080
0.001403
0.003929
0.010824
0.001062
0.005040
0.038816
0.015070
0.003307
0.010177
0.006004
0.006504
0.000342
0.000610
0.001025
0.000854
0.152447
0.004417
0.004564
0.002135
0.006358
0.005577
0.001794
0.000805
0.000866
0.002318
0.000024
0.000073
0.002489
0.099963
0.057852
0.004564
0.011165
0.008615
0.005137
0.000415
0.000415
0.001306
0.000842
0.072605
0.002624
0.004173
0.011861
0.001782
0.002550
0.043783
0.036022
0.235985
0.016362
0.006169
0.028700
0.023730
0.000618
0.002611
0.006888
0.000492
0.005891
0.039524
0.011909
0.001690
0.007771
0.004554
0.004630
0.000126
0.000391
0.000366
0.000492
0.140624
0.003949
0.003886
0.001375
0.005425
0.004378
0.000959
0.000555
0.000265
0.000744
0.000013
0.000038
0.001552
0.139842
0.057476
0.002700
0.008288
0.006938
0.002536
0.000189
0.000101
0.000404
0.000328
0.081899
0.001779
0.002334
0.006825
0.001489
0.001161
0.036295
0.043435
0.279306
0.028710
0.009147
0.061451
0.052013
0.001165
0.004533
0.011873
0.000513
0.012864
0.060845
0.024271
0.003018
0.012572
0.011920
0.007247
0.000140
0.000583
0.000816
0.000618
0.169358
0.008308
0.008028
0.003064
0.008005
0.006828
0.002808
0.000862
0.000594
0.001270
0.000012
0.000012
0.003251
0.078603
0.058096
0.004835
0.013155
0.013015
0.005849
0.000233
0.000268
0.000886
0.000478
0.089649
0.002086
0.003985
0.012048
0.002354
0.003053
0.075096
0.028139
0.091478
0.023198
0.009192
0.038262
0.029563
0.000821
0.003502
0.009629
0.000657
0.005763
0.035290
0.015356
0.002426
0.010249
0.005854
0.005234
0.000164
0.000401
0.000657
0.000511
0.103078
0.004578
0.004213
0.001824
0.005435
0.004924
0.001550
0.000438
0.000602
0.001277
0.000018
0.000018
0.002334
0.037460
0.035837
0.003337
0.009338
0.008535
0.003885
0.000164
0.000237
0.000693
0.000310
0.053491
0.002116
0.003611
0.010505
0.001623
0.002225
0.050135
0.025350
0.424132
0.025105
0.009411
0.038956
0.043233
0.001123
0.005084
0.007430
0.000517
0.006850
0.048986
0.023263
0.003570
0.008818
0.009928
0.006169
0.000177
0.000732
0.000631
0.000732
0.117765
0.006497
0.006547
0.003570
0.005879
0.005298
0.003242
0.000833
0.000820
0.001262
0.000038
0.000013
0.003078
0.067215
0.054852
0.005513
0.009083
0.009928
0.006749
0.000252
0.000492
0.000770
0.000378
0.083552
0.003305
0.004289
0.008780
0.001918
0.003431
0.052064
0.031589
0.260282
0.024961
0.010027
0.037595
0.027568
0.001123
0.003636
0.011230
0.001136
0.008690
0.035068
0.012420
0.002660
0.011163
0.005735
0.005869
0.000254
0.000602
0.001163
0.000495
0.096513
0.005080
0.004987
0.001898
0.006150
0.005455
0.001444
0.001070
0.000668
0.002072
0.000000
0.000027
0.001845
0.128025
0.036525
0.003864
0.011337
0.007768
0.002821
0.000441
0.000388
0.001136
0.000735
0.072756
0.002527
0.003169
0.010495
0.001778
0.002179
0.044453
0.036766
0.304233
0.014380
0.007973
0.012939
0.010473
0.001869
0.002004
0.005371
0.000574
0.002365
0.010743
0.006419
0.002399
0.004290
0.002466
0.002173
0.000529
0.000619
0.000754
0.000709
0.034852
0.002455
0.002883
0.000890
0.001565
0.001644
0.000991
0.000890
0.000878
0.001306
0.000045
0.000034
0.000845
0.020979
0.010112
0.002579
0.004493
0.002421
0.001509
0.000507
0.000541
0.000619
0.000518
0.017781
0.002556
0.001982
0.004290
0.000935
0.000754
0.012376
0.014616
0.762105
0.020344
0.006157
0.035175
0.041797
0.000854
0.003476
0.006247
0.000464
0.006337
0.065047
0.024224
0.002337
0.007625
0.007580
0.005019
0.000030
0.000210
0.000554
0.000300
0.219140
0.005768
0.005453
0.002352
0.006082
0.004644
0.001783
0.000554
0.000345
0.000614
0.000000
0.000000
0.002771
0.110229
0.083159
0.004225
0.007940
0.008988
0.004389
0.000150
0.000165
0.000345
0.000120
0.096357
0.002202
0.003281
0.007311
0.001543
0.001633
0.046905
0.035370
0.102409
0.017924
0.009212
0.026233
0.033960
0.001404
0.004114
0.007082
0.000532
0.005534
0.047609
0.021086
0.003259
0.009293
0.005340
0.004501
0.000161
0.000500
0.000871
0.000532
0.172141
0.005469
0.004679
0.001904
0.005227
0.003985
0.001533
0.000645
0.000645
0.001113
0.000048
0.000065
0.001936
0.103704
0.057337
0.004469
0.009131
0.006840
0.003275
0.000194
0.000258
0.000629
0.000565
0.069244
0.002388
0.002823
0.008034
0.001468
0.001194
0.035525
0.027830
0.266553
0.050885
0.026610
0.044115
0.028435
0.005966
0.007830
0.020900
0.002630
0.006221
0.023686
0.015326
0.007398
0.016327
0.008595
0.009577
0.001884
0.002198
0.003316
0.002335
0.059245
0.007182
0.008222
0.002845
0.007241
0.007673
0.003258
0.003748
0.002983
0.005004
0.000314
0.000314
0.003866
0.035873
0.019487
0.007379
0.014698
0.011559
0.006888
0.002100
0.001982
0.002924
0.002904
0.039876
0.006299
0.007261
0.018407
0.003630
0.004239
0.044762
0.033184
0.340418
0.030362
0.010926
0.043086
0.041952
0.001718
0.005406
0.008968
0.000848
0.007983
0.047049
0.021978
0.003905
0.008006
0.010044
0.005623
0.000401
0.001031
0.001157
0.000996
0.096342
0.006723
0.006689
0.003871
0.005635
0.005028
0.003470
0.001248
0.001065
0.001821
0.000034
0.000046
0.002703
0.063392
0.044563
0.005589
0.007467
0.008464
0.006677
0.000447
0.000653
0.001122
0.000859
0.072314
0.003115
0.004169
0.009105
0.001283
0.003184
0.049442
0.025735
0.306308
0.026810
0.013245
0.030948
0.026976
0.003059
0.004968
0.010150
0.001458
0.004731
0.042332
0.013411
0.004221
0.009818
0.005929
0.006545
0.000806
0.001043
0.001364
0.001221
0.178967
0.005277
0.005229
0.002016
0.004767
0.005146
0.002229
0.002004
0.001364
0.002419
0.000142
0.000071
0.001826
0.080549
0.055624
0.004565
0.008964
0.007767
0.004032
0.000842
0.000700
0.001292
0.001174
0.049328
0.003095
0.004032
0.010541
0.002087
0.001909
0.035834
0.025197
0.281974
0.024408
0.007754
0.040597
0.043499
0.001043
0.004421
0.006689
0.000556
0.005952
0.047229
0.022662
0.002868
0.008718
0.008480
0.005102
0.000057
0.000556
0.000385
0.000306
0.114185
0.004818
0.005351
0.003004
0.004433
0.004410
0.002812
0.000680
0.000601
0.000601
0.000000
0.000011
0.002891
0.054542
0.045438
0.004161
0.007641
0.007312
0.006043
0.000147
0.000249
0.000499
0.000329
0.063430
0.001905
0.003197
0.006553
0.000998
0.002664
0.045892
0.019760
0.354163
0.050027
0.020283
0.062001
0.049902
0.002591
0.007830
0.017897
0.001872
0.007739
0.046192
0.025328
0.006803
0.018491
0.012144
0.009805
0.000742
0.001096
0.001963
0.001267
0.153084
0.007887
0.008252
0.004235
0.007488
0.007887
0.004200
0.002043
0.001735
0.003276
0.000057
0.000046
0.004543
0.048350
0.050644
0.007682
0.017189
0.011551
0.009359
0.000605
0.000867
0.001963
0.001210
0.068073
0.004200
0.007693
0.018137
0.002363
0.004668
0.068039
0.032199
0.096505
0.035912
0.012561
0.049658
0.048427
0.001509
0.006388
0.011699
0.000924
0.007650
0.054615
0.025291
0.005064
0.011976
0.010467
0.007158
0.000292
0.000985
0.001278
0.000723
0.135691
0.007343
0.006357
0.004002
0.007096
0.006742
0.003571
0.001001
0.000862
0.002078
0.000031
0.000000
0.003741
0.061265
0.055200
0.006250
0.011437
0.010437
0.007681
0.000400
0.000508
0.001154
0.000677
0.077073
0.003109
0.005095
0.012191
0.001524
0.003971
0.060141
0.026091
0.184702
0.053069
0.017917
0.075550
0.045513
0.003731
0.007674
0.020169
0.001678
0.017952
0.042662
0.022352
0.006277
0.015723
0.012672
0.009950
0.000681
0.001349
0.004024
0.001396
0.120066
0.007498
0.007474
0.004975
0.008424
0.007861
0.004353
0.002112
0.002065
0.004024
0.000282
0.000188
0.004529
0.048669
0.044586
0.006840
0.016415
0.013083
0.009610
0.000833
0.001209
0.003825
0.001126
0.068416
0.004869
0.006876
0.020076
0.002769
0.006711
0.082508
0.029204
0.098184
0.035862
0.013338
0.056539
0.054420
0.001678
0.006356
0.011965
0.001051
0.010084
0.064165
0.028744
0.004356
0.013694
0.012067
0.007796
0.000119
0.000576
0.000915
0.000814
0.162904
0.006779
0.007762
0.003898
0.007915
0.008067
0.003373
0.001085
0.000949
0.002085
0.000000
0.000034
0.004169
0.064131
0.071351
0.006694
0.013575
0.012338
0.007254
0.000356
0.000339
0.001017
0.000593
0.090824
0.003000
0.005288
0.013219
0.002271
0.003118
0.065046
0.029405
0.076622
0.039931
0.019072
0.053489
0.053017
0.003963
0.007116
0.014148
0.001535
0.008229
0.058851
0.032090
0.006357
0.013861
0.011129
0.008482
0.000658
0.001231
0.001535
0.001416
0.173097
0.007521
0.008195
0.003980
0.007723
0.006357
0.003710
0.002479
0.001535
0.002647
0.000067
0.000118
0.003524
0.060116
0.059391
0.007420
0.014199
0.011517
0.008364
0.001029
0.000759
0.001383
0.001298
0.076456
0.003609
0.006745
0.015413
0.002631
0.003862
0.063826
0.029105
0.075815
0.020874
0.008531
0.031350
0.027938
0.001263
0.003401
0.007337
0.000592
0.006325
0.038710
0.015493
0.002559
0.007496
0.006234
0.004778
0.000296
0.000739
0.000705
0.000705
0.110898
0.004891
0.004903
0.001797
0.004277
0.004004
0.001831
0.000899
0.000944
0.001103
0.000023
0.000034
0.002093
0.053145
0.035127
0.003356
0.007178
0.007565
0.004015
0.000387
0.000455
0.000796
0.000614
0.051268
0.002719
0.003128
0.007667
0.001365
0.001922
0.036549
0.024298
0.435423
0.023144
0.012144
0.021383
0.019653
0.003250
0.003356
0.008066
0.001204
0.003416
0.026620
0.012640
0.003988
0.006651
0.004289
0.004289
0.001324
0.001279
0.001761
0.001324
0.102101
0.004560
0.003837
0.001550
0.002829
0.002889
0.001279
0.001685
0.001655
0.002543
0.000196
0.000166
0.001189
0.043067
0.034490
0.004319
0.006817
0.004996
0.003085
0.001053
0.000978
0.001881
0.001114
0.035905
0.004424
0.003581
0.008171
0.001700
0.001625
0.025747
0.023640
0.507148
0.044121
0.015342
0.067266
0.049369
0.001837
0.006504
0.015577
0.001422
0.010799
0.050750
0.022799
0.004792
0.015177
0.011987
0.009901
0.000414
0.001008
0.001505
0.000939
0.128359
0.008396
0.008382
0.004488
0.009321
0.009459
0.003632
0.001547
0.001298
0.002790
0.000000
0.000041
0.004668
0.061286
0.057323
0.006477
0.015287
0.015066
0.008783
0.000387
0.000608
0.001602
0.001036
0.088146
0.003052
0.006325
0.016419
0.002582
0.004322
0.078120
0.031707
0.087580
0.024961
0.011385
0.037510
0.039334
0.002222
0.004275
0.010711
0.001042
0.005991
0.054120
0.028822
0.004306
0.012136
0.006298
0.006098
0.000306
0.000567
0.001165
0.000720
0.218243
0.006175
0.005731
0.002528
0.005041
0.004428
0.002206
0.001287
0.000613
0.002053
0.000046
0.000015
0.002482
0.089960
0.071879
0.005562
0.011937
0.007324
0.004459
0.000506
0.000536
0.001103
0.000582
0.072584
0.002973
0.004413
0.011906
0.001808
0.002252
0.045785
0.028976
0.132635
0.042602
0.021459
0.037863
0.031526
0.004825
0.006567
0.014633
0.002175
0.005962
0.032189
0.014330
0.006812
0.011190
0.008051
0.007172
0.001599
0.001685
0.002636
0.002348
0.076144
0.006308
0.007086
0.003010
0.005833
0.004969
0.003212
0.003442
0.003010
0.004623
0.000230
0.000302
0.003255
0.092217
0.034263
0.008324
0.011896
0.008685
0.006467
0.001714
0.001728
0.002607
0.001959
0.070902
0.007143
0.006323
0.016217
0.002405
0.003385
0.047153
0.051171
0.248394
0.028884
0.010388
0.043361
0.043052
0.001134
0.004833
0.010308
0.000859
0.007170
0.046018
0.018760
0.003321
0.010697
0.009151
0.005795
0.000160
0.000641
0.000481
0.000504
0.111849
0.006116
0.006196
0.002920
0.005921
0.006482
0.002955
0.000687
0.000641
0.000962
0.000000
0.000023
0.002623
0.055203
0.045720
0.004867
0.009449
0.008418
0.005463
0.000206
0.000241
0.000584
0.000435
0.067801
0.002485
0.004822
0.008784
0.001260
0.002634
0.049717
0.024234
0.314783
0.021219
0.006131
0.037733
0.042817
0.000542
0.003911
0.005677
0.000214
0.006560
0.056252
0.025206
0.002157
0.007393
0.008692
0.004958
0.000025
0.000492
0.000252
0.000278
0.135048
0.005500
0.005399
0.002902
0.005753
0.004655
0.002586
0.000328
0.000227
0.000391
0.000000
0.000013
0.002346
0.070533
0.057968
0.004075
0.007279
0.008440
0.005488
0.000139
0.000164
0.000378
0.000114
0.079326
0.002372
0.003280
0.006598
0.001602
0.002498
0.047636
0.029407
0.277047
0.037897
0.013506
0.050193
0.046233
0.001589
0.005810
0.012273
0.001091
0.007613
0.048486
0.023715
0.004470
0.012569
0.009711
0.008360
0.000379
0.000842
0.001067
0.000854
0.126722
0.006972
0.006581
0.003379
0.006901
0.006842
0.002988
0.001233
0.000854
0.001814
0.000000
0.000024
0.003202
0.064529
0.052126
0.005324
0.013103
0.010613
0.006534
0.000415
0.000510
0.000949
0.000747
0.068822
0.003379
0.005407
0.011703
0.001601
0.003213
0.055031
0.027320
0.214504
0.025755
0.012946
0.037236
0.043113
0.002180
0.004531
0.010050
0.000715
0.004872
0.061919
0.032331
0.004718
0.011481
0.007137
0.005826
0.000426
0.000664
0.000954
0.000767
0.248322
0.005655
0.005894
0.002760
0.005332
0.004463
0.002129
0.001022
0.000852
0.002146
0.000017
0.000034
0.002521
0.093329
0.082462
0.005621
0.011532
0.008227
0.004838
0.000494
0.000409
0.000988
0.000545
0.076295
0.003202
0.003833
0.011277
0.001755
0.002044
0.047184
0.027868
0.069329
0.021773
0.010508
0.035416
0.040694
0.001749
0.003482
0.009405
0.000662
0.006507
0.060072
0.027287
0.003624
0.009941
0.007373
0.004900
0.000126
0.000457
0.000945
0.000756
0.209755
0.006365
0.006286
0.002867
0.005766
0.004459
0.001875
0.000740
0.000756
0.001512
0.000047
0.000000
0.001859
0.106264
0.074991
0.005703
0.010508
0.007798
0.003387
0.000394
0.000347
0.001040
0.000520
0.094495
0.003450
0.003655
0.009784
0.001891
0.001560
0.048067
0.036850
0.101333
0.040962
0.013713
0.056515
0.046802
0.001710
0.006244
0.014359
0.001016
0.008906
0.052998
0.019424
0.004291
0.012794
0.011761
0.009535
0.000290
0.001194
0.001759
0.001226
0.116804
0.007776
0.006921
0.003920
0.011406
0.008631
0.002807
0.001678
0.001145
0.002856
0.000016
0.000081
0.003856
0.066324
0.059322
0.006631
0.014294
0.017488
0.007082
0.000339
0.000710
0.001629
0.000984
0.096880
0.003307
0.005356
0.015343
0.003501
0.003904
0.072567
0.038929
0.112013
0.037680
0.022948
0.035950
0.026861
0.005748
0.006079
0.015334
0.002423
0.005538
0.025431
0.013513
0.006892
0.013874
0.006064
0.006982
0.001670
0.001309
0.002648
0.002031
0.086782
0.006591
0.006546
0.002031
0.005282
0.005357
0.002227
0.002709
0.002378
0.005282
0.000256
0.000271
0.002317
0.062088
0.023309
0.007419
0.014401
0.007674
0.005252
0.001776
0.001535
0.002754
0.002182
0.044286
0.007479
0.006290
0.017064
0.002934
0.002964
0.041397
0.035589
0.346601
0.040233
0.014557
0.052403
0.060757
0.001477
0.006345
0.011355
0.000874
0.006062
0.059150
0.028772
0.004856
0.012088
0.010492
0.008921
0.000177
0.000780
0.000993
0.000898
0.118927
0.007267
0.007196
0.004372
0.007515
0.007385
0.004596
0.001229
0.001111
0.001501
0.000000
0.000024
0.004112
0.049012
0.051364
0.006392
0.012371
0.010445
0.009760
0.000284
0.000579
0.000922
0.000910
0.075137
0.002269
0.006168
0.012785
0.001347
0.003521
0.057980
0.022143
0.190188
0.021439
0.006932
0.038591
0.040438
0.000661
0.003068
0.006779
0.000373
0.008779
0.058386
0.024998
0.002271
0.007593
0.007542
0.004661
0.000136
0.000390
0.000322
0.000339
0.170124
0.005661
0.005949
0.002119
0.006050
0.004576
0.001966
0.000508
0.000508
0.000830
0.000000
0.000034
0.001881
0.103739
0.065233
0.004322
0.008203
0.008491
0.004796
0.000220
0.000271
0.000712
0.000186
0.085486
0.002288
0.002932
0.007440
0.001593
0.002508
0.052234
0.030811
0.184632
0.043835
0.017501
0.055347
0.057017
0.003070
0.007343
0.015108
0.001670
0.006726
0.055467
0.028606
0.006305
0.015605
0.010624
0.010233
0.000617
0.001053
0.001715
0.001234
0.167424
0.008006
0.007584
0.003943
0.008322
0.009044
0.003431
0.001821
0.001309
0.002378
0.000060
0.000060
0.004213
0.054820
0.061411
0.007358
0.016252
0.011768
0.007690
0.000542
0.000617
0.001369
0.001083
0.076489
0.003386
0.006109
0.015996
0.002317
0.003145
0.065218
0.029645
0.078114
0.031263
0.011762
0.040611
0.042802
0.001746
0.004760
0.010273
0.000907
0.005890
0.050764
0.023165
0.004760
0.011848
0.007944
0.006283
0.000394
0.000753
0.001010
0.000668
0.160646
0.006129
0.006112
0.003321
0.006592
0.005444
0.002551
0.001044
0.000959
0.001986
0.000034
0.000034
0.002911
0.081787
0.057749
0.005410
0.013508
0.009040
0.005034
0.000582
0.000548
0.001353
0.000736
0.079338
0.003732
0.005479
0.011762
0.001918
0.002568
0.051739
0.040628
0.171723
0.021637
0.008784
0.035967
0.034153
0.001464
0.004004
0.007256
0.000764
0.009095
0.055116
0.020808
0.002876
0.008370
0.008953
0.004768
0.000168
0.000557
0.000972
0.000764
0.180107
0.006867
0.006478
0.002850
0.005714
0.004664
0.001749
0.000907
0.000661
0.001386
0.000039
0.000013
0.002099
0.123189
0.076456
0.006219
0.009108
0.008927
0.004029
0.000518
0.000272
0.000713
0.000466
0.110661
0.003459
0.003680
0.008940
0.002047
0.001723
0.052305
0.043119
0.104156
0.029627
0.011518
0.048174
0.052709
0.000967
0.004610
0.010279
0.000967
0.006303
0.068036
0.029279
0.003779
0.014254
0.009296
0.008601
0.000121
0.000469
0.000710
0.000529
0.211198
0.006847
0.005714
0.003205
0.008616
0.008767
0.002539
0.000786
0.000544
0.001360
0.000000
0.000000
0.003477
0.071014
0.082048
0.005593
0.012652
0.011352
0.005578
0.000302
0.000333
0.000635
0.000469
0.087823
0.001814
0.004384
0.011004
0.001920
0.002177
0.060690
0.024427
0.062504
0.036007
0.015589
0.048707
0.052813
0.001940
0.006414
0.011950
0.001430
0.006669
0.054045
0.026322
0.004842
0.015787
0.009246
0.009034
0.000297
0.000750
0.001005
0.000623
0.182426
0.006966
0.006895
0.003101
0.007051
0.008552
0.002832
0.001161
0.000850
0.001968
0.000014
0.000028
0.003837
0.067751
0.072155
0.005635
0.013579
0.010761
0.006088
0.000354
0.000425
0.001062
0.000552
0.085110
0.002888
0.004743
0.011653
0.002124
0.002223
0.056353
0.029040
0.098349
0.035190
0.016429
0.039818
0.033377
0.003198
0.005101
0.011846
0.001464
0.005405
0.029571
0.015686
0.004471
0.010675
0.008018
0.007196
0.001025
0.001295
0.002297
0.001272
0.078949
0.004820
0.005720
0.002950
0.006250
0.005461
0.002106
0.001869
0.001745
0.002962
0.000124
0.000158
0.002950
0.029357
0.025934
0.004955
0.010968
0.009977
0.005394
0.001250
0.001081
0.001982
0.001610
0.047498
0.005045
0.005248
0.012972
0.002748
0.003277
0.046800
0.029762
0.404745
0.049357
0.021037
0.059455
0.065715
0.002694
0.008141
0.014762
0.001625
0.006230
0.051991
0.033437
0.007042
0.017621
0.011843
0.010744
0.000391
0.000963
0.001475
0.001068
0.146161
0.008773
0.008517
0.005312
0.008833
0.008201
0.004650
0.001565
0.001670
0.003085
0.000045
0.000015
0.004876
0.046859
0.051103
0.009119
0.017772
0.011993
0.010323
0.000451
0.000813
0.001430
0.001264
0.076534
0.003446
0.008984
0.016583
0.002347
0.004274
0.065865
0.030352
0.073193
