0.169942
0.001953
0.001312
0.001251
0.001872
0.000590
0.000031
0.000000
0.018677
0.002096
0.413991
0.037496
0.015676
0.000051
0.010569
0.000010
0.016856
0.000010
0.002797
0.000000
0.280782
0.000092
0.023671
0.000000
0.000275
0.000000
0.000000
0.000000
0.000000
0.000000
0.000000
0.000000
0.000000
0.000000
0.000000
0.000000
0.303141
0.002157
0.000315
0.000285
0.000254
0.000102
0.000427
0.000010
0.001170
0.002940
0.028707
0.264720
0.003479
0.014974
0.051778
0.255666
0.006714
0.003876
0.008748
0.015961
0.019196
0.000000
0.015381
0.000000
0.000000
0.000000
0.000000
0.000000
0.000000
0.000000
0.000000
0.000000
0.000000
0.000000
0.000000
0.000000
0.113729
0.003784
0.001872
0.001790
0.000519
0.000122
0.044139
0.017303
0.015167
0.074717
0.058512
0.122091
0.017893
0.060242
0.088816
0.178558
0.015371
0.006337
0.017517
0.001678
0.097900
0.000061
0.007629
0.000000
0.014913
0.000010
0.001058
0.000000
0.027547
0.010173
0.000214
0.000000
0.000173
0.000163
0.000000
0.000000
0.158091
0.023621
0.006470
0.003367
0.004140
0.003408
0.003581
0.002513
0.001007
0.002075
0.007619
0.025035
0.014038
0.043844
0.086405
0.119690
0.024292
0.027873
0.054484
0.031026
0.199117
0.000061
0.028778
0.000000
0.008911
0.000000
0.000000
0.000000
0.069885
0.046661
0.003988
0.000000
0.000020
0.000000
0.000000
0.000000
0.135406
0.013814
0.003713
0.000671
0.000031
0.000000
0.000000
0.000000
0.048055
0.052460
0.041840
0.516866
0.032033
0.000092
0.007385
0.000142
0.020620
0.000000
0.000264
0.000000
0.124532
0.000000
0.000020
0.000000
0.002055
0.000000
0.000000
0.000000
0.000000
0.000000
0.000000
0.000000
0.000000
0.000000
0.000000
0.000000
0.198558
0.000000
0.000000
0.000041
0.000081
0.000254
0.007935
0.007151
0.002441
0.038798
0.113861
0.341471
0.001638
0.001994
0.015605
0.048258
0.002248
0.004120
0.017527
0.031809
0.003123
0.000132
0.144216
0.015605
0.000000
0.000000
0.000000
0.000000
0.000000
0.000000
0.000000
0.000000
0.000000
0.003133
0.000000
0.000000
0.091380
0.014231
0.005788
0.004801
0.005910
0.019897
0.215576
0.000092
0.004598
0.000570
0.203603
0.116547
0.002523
0.001333
0.006307
0.003398
0.008341
0.002380
0.005839
0.067820
0.028514
0.000010
0.000417
0.000000
0.000946
0.000000
0.000000
0.000000
0.153849
0.011373
0.023956
0.000000
0.000000
0.000000
0.000000
0.000000
0.259033
0.000041
0.000010
0.000000
0.000010
0.000000
0.000010
0.000000
0.000000
0.000000
0.000427
0.000000
0.000000
0.000285
0.094625
0.042196
0.056285
0.025035
0.184469
0.108877
0.195007
0.009654
0.021088
0.000254
0.001943
0.000000
0.000753
0.000000
0.000000
0.000000
0.000000
0.000000
0.000000
0.000000
0.000000
0.000000
0.221334
0.000651
0.000000
0.000000
0.001109
0.021301
0.060008
0.004283
0.077128
0.000285
0.010091
0.072642
0.143545
0.021708
0.015493
0.072489
0.065094
0.027659
0.002096
0.161143
0.020060
0.001740
0.000000
0.000000
0.000031
0.000000
0.000000
0.000000
0.000000
0.000000
0.000000
0.000000
0.000112
0.000000
0.000000
0.000000
0.144684
0.000041
0.000020
0.000000
0.000000
0.000000
0.000000
0.000000
0.001302
0.000132
0.502319
0.301453
0.003408
0.001282
0.015035
0.009796
0.005117
0.000661
0.003825
0.005483
0.005188
0.000000
0.000254
0.000000
0.000000
0.000000
0.000000
0.000000
0.000000
0.000000
0.000000
0.000000
0.000000
0.000000
0.000000
0.000000
0.377340
0.014313
0.000926
0.000397
0.000539
0.001058
0.006429
0.002502
0.025818
0.006358
0.005341
0.000682
0.049611
0.000621
0.003469
0.004140
0.093740
0.085164
0.006571
0.074117
0.230682
0.005035
0.004425
0.000000
0.000020
0.000000
0.000000
0.000000
0.000000
0.000000
0.000000
0.000000
0.000326
0.000376
0.000000
0.000000
0.236959
0.018372
0.006073
0.004893
0.004659
0.006816
0.047567
0.020101
0.020762
0.123108
0.011475
0.067820
0.003927
0.014771
0.004669
0.015696
0.003459
0.014659
0.010559
0.016052
0.051829
0.000865
0.009003
0.000010
0.106028
0.000010
0.008403
0.000000
0.159231
0.008250
0.001068
0.000000
0.000661
0.002248
0.000000
0.000000
0.178304
0.007334
0.000529
0.001078
0.004801
0.029449
0.186147
0.012655
0.000305
0.001190
0.005656
0.036235
0.003255
0.006185
0.007792
0.052429
0.010691
0.002279
0.038452
0.041097
0.336731
0.001027
0.030619
0.000041
0.001729
0.000000
0.000000
0.000000
0.001546
0.002441
0.000000
0.000000
0.000000
0.000000
0.000000
0.000000
0.119548
0.034078
0.011444
0.010518
0.071584
0.092082
0.261261
0.025696
0.071177
0.074697
0.023020
0.040710
0.036021
0.037191
0.009857
0.010834
0.027578
0.015066
0.013957
0.008026
0.004517
0.000000
0.000153
0.000000
0.000010
0.000000
0.000000
0.000000
0.000315
0.000000
0.000000
0.000000
0.000661
0.000000
0.000000
0.000000
0.430023
0.001465
0.000854
0.000763
0.001343
0.001994
0.007436
0.000631
0.002441
0.007355
0.031799
0.079224
0.030324
0.024658
0.034485
0.126190
0.029317
0.023468
0.014242
0.063354
0.078857
0.001414
0.008260
0.000000
0.000102
0.000000
0.000000
0.000000
0.000000
0.000000
0.000000
0.000000
0.000000
0.000000
0.000000
0.000000
0.010183
0.008535
0.005747
0.003642
0.001007
0.000977
0.007385
0.000183
0.006622
0.000183
0.048920
0.004751
0.003682
0.003204
0.045756
0.193807
0.003225
0.045695
0.000315
0.183380
0.003642
0.000610
0.000000
0.000000
0.000102
0.000000
0.000000
0.000000
0.104472
0.038310
0.056641
0.217133
0.001892
0.000000
0.000000
0.000000
0.286702
0.002523
0.001333
0.001221
0.001180
0.006897
0.009226
0.000234
0.018758
0.064789
0.106995
0.154348
0.029246
0.032043
0.031128
0.080973
0.017588
0.018799
0.011688
0.104726
0.016734
0.000000
0.002869
0.000000
0.000000
0.000000
0.000000
0.000000
0.000000
0.000000
0.000000
0.000000
0.000000
0.000000
0.000000
0.000000
0.118459
0.000468
0.028463
0.010905
0.000122
0.000234
0.004018
0.011027
0.029673
0.262390
0.141266
0.211049
0.004740
0.007375
0.014964
0.003733
0.003184
0.001658
0.045563
0.000163
0.049744
0.000041
0.050659
0.000000
0.000000
0.000000
0.000000
0.000000
0.000000
0.000000
0.000000
0.000000
0.000000
0.000102
0.000000
0.000000
0.423706
0.000376
0.000865
0.000407
0.000966
0.000387
0.000824
0.000773
0.000315
0.000397
0.000031
0.000000
0.009725
0.120931
0.022939
0.067129
0.006561
0.114288
0.017558
0.000020
0.052490
0.000000
0.030680
0.000000
0.013865
0.000000
0.000000
0.000000
0.099009
0.011454
0.004303
0.000000
0.000000
0.000000
0.000000
0.000000
0.324860
0.013875
0.007355
0.009094
0.014231
0.035665
0.056193
0.000956
0.004445
0.001546
0.000264
0.000020
0.003062
0.003052
0.007955
0.008118
0.009501
0.013234
0.013967
0.040334
0.224721
0.012278
0.066477
0.000051
0.000570
0.000051
0.000000
0.000000
0.009267
0.017202
0.000407
0.000000
0.056986
0.030406
0.013855
0.000000
0.128693
0.021535
0.003499
0.003276
0.006388
0.014089
0.102519
0.010946
0.000000
0.000000
0.000000
0.000000
0.000193
0.002970
0.008087
0.021271
0.021871
0.023773
0.009959
0.019501
0.193329
0.006999
0.004578
0.000000
0.022227
0.000000
0.000010
0.000000
0.076681
0.009979
0.040894
0.246735
0.000000
0.000000
0.000000
0.000000
0.209890
0.007680
0.002513
0.001780
0.001933
0.004038
0.131714
0.011108
0.098256
0.043182
0.137400
0.089121
0.035044
0.037374
0.019063
0.029104
0.022166
0.014791
0.017792
0.049062
0.036255
0.000000
0.000549
0.000000
0.000000
0.000000
0.000000
0.000000
0.000031
0.000000
0.000000
0.000000
0.000153
0.000000
0.000000
0.000000
0.091756
0.011475
0.008667
0.009094
0.011332
0.016591
0.085409
0.025380
0.038605
0.058238
0.091939
0.021993
0.015828
0.007273
0.018219
0.005157
0.015615
0.031047
0.045542
0.053202
0.223368
0.000346
0.031128
0.000000
0.022085
0.000000
0.000020
0.000000
0.056580
0.001078
0.003031
0.000000
0.000000
0.000000
0.000000
0.000000
0.159770
0.026611
0.018738
0.021159
0.022959
0.020711
0.107697
0.024780
0.026347
0.034983
0.018250
0.000916
0.012828
0.028330
0.055216
0.020762
0.029877
0.054413
0.067017
0.042328
0.183105
0.000244
0.008036
0.000000
0.006124
0.000000
0.000000
0.000000
0.006785
0.001984
0.000010
0.000000
0.000020
0.000000
0.000000
0.000000
0.080353
0.048787
0.029032
0.033834
0.037628
0.034790
0.164663
0.006592
0.005483
0.000417
0.001536
0.000203
0.020793
0.002004
0.004364
0.000031
0.025014
0.017710
0.023885
0.014191
0.014598
0.000214
0.007467
0.000000
0.000641
0.000081
0.000000
0.000000
0.028748
0.260122
0.021383
0.115417
0.000020
0.000000
0.000000
0.000000
0.158752
0.000020
0.000000
0.000031
0.000010
0.000000
0.000000
0.000000
0.000407
0.001556
0.037638
0.180155
0.002797
0.005117
0.069346
0.242513
0.015798
0.003143
0.117615
0.148499
0.003286
0.000000
0.013316
0.000000
0.000000
0.000000
0.000000
0.000000
0.000000
0.000000
0.000000
0.000000
0.000000
0.000000
0.000000
0.000000
0.358582
0.000956
0.000468
0.000763
0.001038
0.009237
0.021586
0.000539
0.013570
0.000732
0.013021
0.000020
0.026408
0.008830
0.045532
0.009186
0.050761
0.084839
0.171794
0.138173
0.008860
0.002604
0.032491
0.000000
0.000000
0.000000
0.000000
0.000000
0.000000
0.000000
0.000000
0.000000
0.000010
0.000000
0.000000
0.000000
0.344045
0.012787
0.007579
0.007365
0.007975
0.008219
0.017019
0.004161
0.009043
0.005981
0.064830
0.051168
0.008372
0.001668
0.002146
0.000702
0.012970
0.021891
0.012095
0.048319
0.246094
0.024139
0.054932
0.000031
0.015666
0.000020
0.000722
0.000000
0.008962
0.000000
0.000020
0.000000
0.000722
0.000356
0.000000
0.000000
0.259644
0.000163
0.000010
0.000000
0.000000
0.000000
0.000000
0.000000
0.008982
0.001261
0.043508
0.012299
0.013112
0.037862
0.023814
0.196147
0.000834
0.037923
0.000244
0.364197
0.000000
0.000000
0.000000
0.000000
0.000000
0.000000
0.000000
0.000000
0.000000
0.000000
0.000000
0.000000
0.000000
0.000000
0.000000
0.000000
0.160878
0.014506
0.002686
0.018504
0.043121
0.002187
0.004425
0.000875
0.015574
0.004954
0.024190
0.106059
0.271718
0.009715
0.059316
0.056427
0.063680
0.020559
0.028768
0.075979
0.007650
0.001872
0.005971
0.000000
0.000387
0.000000
0.000000
0.000000
0.000000
0.000000
0.000000
0.000000
0.000000
0.000000
0.000000
0.000000
0.354635
0.001699
0.000834
0.000712
0.000549
0.000814
0.001963
0.001638
0.082479
0.006205
0.037140
0.003174
0.036509
0.003215
0.016642
0.001841
0.006744
0.002218
0.006134
0.002797
0.017721
0.005269
0.031626
0.006592
0.000000
0.000000
0.000000
0.000000
0.000000
0.000488
0.000000
0.000000
0.066050
0.054616
0.203105
0.046590
0.327962
0.019094
0.005249
0.001455
0.000224
0.000214
0.000010
0.000000
0.000000
0.000000
0.000000
0.000000
0.000783
0.000051
0.000519
0.003866
0.023997
0.045919
0.064168
0.308217
0.027639
0.000092
0.005544
0.000000
0.017365
0.000000
0.000498
0.000000
0.093313
0.020172
0.030467
0.002970
0.000214
0.000000
0.000000
0.000000
0.043386
0.000000
0.000000
0.000000
0.000000
0.000000
0.000000
0.000000
0.005259
0.012065
0.134837
0.633128
0.006226
0.008230
0.032054
0.005219
0.015472
0.000519
0.019114
0.000020
0.030457
0.000448
0.053569
0.000000
0.000000
0.000000
0.000000
0.000000
0.000000
0.000000
0.000000
0.000000
0.000000
0.000000
0.000000
0.000000
0.246409
0.007833
0.003642
0.004272
0.005076
0.009176
0.027812
0.004171
0.004710
0.007965
0.066620
0.010935
0.010162
0.012604
0.013062
0.006856
0.046224
0.039235
0.015737
0.007426
0.261932
0.054942
0.111511
0.015493
0.005666
0.000000
0.000448
0.000000
0.000081
0.000000
0.000000
0.000000
0.000000
0.000000
0.000000
0.000000
0.079386
0.066976
0.043101
0.037862
0.038767
0.033712
0.093465
0.024282
0.031148
0.005636
0.007314
0.000743
0.007507
0.003571
0.001963
0.002574
0.004639
0.003377
0.001017
0.000631
0.132690
0.000407
0.018707
0.000000
0.011993
0.000875
0.001984
0.000000
0.260905
0.075348
0.003530
0.000010
0.005747
0.000122
0.000010
0.000000
0.126394
0.091227
0.047465
0.023560
0.013631
0.007751
0.012166
0.009145
0.008830
0.016581
0.075256
0.145772
0.007436
0.001414
0.008087
0.000000
0.012238
0.000336
0.005025
0.000000
0.194326
0.001862
0.051015
0.000000
0.020009
0.000824
0.000010
0.000000
0.063192
0.055064
0.001221
0.000000
0.000142
0.000020
0.000000
0.000000
0.124634
0.059041
0.053558
0.029958
0.026194
0.027466
0.191701
0.042308
0.039307
0.005239
0.001740
0.000000
0.017497
0.003153
0.001353
0.000000
0.033956
0.008759
0.012421
0.002614
0.101756
0.001231
0.058004
0.000020
0.002950
0.000539
0.000020
0.000000
0.104746
0.047770
0.000193
0.000000
0.001862
0.000010
0.000000
0.000000
0.159058
0.031637
0.017008
0.013153
0.007528
0.005676
0.010396
0.001506
0.010030
0.005920
0.031901
0.051961
0.016144
0.047394
0.121847
0.223389
0.016541
0.005452
0.034454
0.005890
0.155660
0.000000
0.015910
0.000000
0.005778
0.000000
0.000000
0.000000
0.005269
0.000163
0.000224
0.000000
0.000112
0.000000
0.000000
0.000000
0.184611
0.022654
0.011464
0.010183
0.011525
0.019023
0.061340
0.003672
0.015401
0.049194
0.009359
0.000478
0.024526
0.022278
0.030334
0.011729
0.052684
0.025686
0.047099
0.079376
0.108714
0.000112
0.017181
0.000000
0.006551
0.000020
0.000071
0.000000
0.032817
0.138468
0.003367
0.000031
0.000051
0.000000
0.000000
0.000000
0.069641
0.006521
0.003408
0.002706
0.004242
0.006409
0.018168
0.001048
0.081055
0.150848
0.049825
0.177938
0.020589
0.001973
0.005127
0.000183
0.015228
0.000163
0.000865
0.000000
0.338501
0.000997
0.029917
0.000000
0.013011
0.000000
0.000000
0.000000
0.000427
0.000000
0.000000
0.000000
0.000000
0.001211
0.000000
0.000000
0.085398
0.019175
0.013011
0.014252
0.021291
0.068258
0.041728
0.008911
0.016602
0.011892
0.079976
0.035573
0.023041
0.025482
0.002675
0.000000
0.016256
0.009145
0.001007
0.000000
0.148173
0.003021
0.015900
0.000000
0.019297
0.002238
0.000132
0.000000
0.018616
0.298025
0.000804
0.000000
0.000122
0.000000
0.000000
0.000000
0.085642
0.009226
0.006592
0.007863
0.009054
0.010173
0.008423
0.001302
0.018595
0.037720
0.084452
0.101542
0.030589
0.005554
0.016490
0.000000
0.015767
0.001465
0.007192
0.000000
0.065114
0.002391
0.015696
0.000000
0.002391
0.000000
0.000000
0.000000
0.048930
0.086772
0.031962
0.278992
0.005809
0.004161
0.000142
0.000000
0.086609
0.034170
0.023580
0.023275
0.024526
0.025584
0.287638
0.030212
0.007172
0.003042
0.027903
0.006632
0.018341
0.006907
0.004883
0.000000
0.036540
0.008026
0.001404
0.000000
0.304850
0.001963
0.027273
0.000000
0.000895
0.000071
0.000000
0.000000
0.005147
0.003357
0.000000
0.000000
0.000000
0.000000
0.000000
0.000000
0.157501
0.018107
0.017863
0.020182
0.018677
0.014648
0.011861
0.003174
0.000804
0.000000
0.000000
0.000000
0.034617
0.003540
0.038971
0.040568
0.020030
0.048950
0.031464
0.085236
0.012543
0.003723
0.004842
0.000000
0.000641
0.000000
0.000000
0.000000
0.033061
0.025391
0.050262
0.303345
0.000000
0.000000
0.000000
0.000000
0.192952
0.037242
0.029999
0.017293
0.012909
0.014008
0.029409
0.007467
0.021657
0.016123
0.038025
0.063029
0.038666
0.006348
0.011373
0.001912
0.067678
0.017344
0.015747
0.004893
0.283061
0.009552
0.033590
0.000132
0.002045
0.000000
0.000000
0.000000
0.018311
0.009226
0.000010
0.000000
0.000000
0.000000
0.000000
0.000000
0.207275
0.016968
0.019938
0.022949
0.032461
0.051076
0.038798
0.004405
0.004659
0.007772
0.080638
0.056539
0.010549
0.018148
0.004161
0.000010
0.029958
0.018951
0.002330
0.000020
0.144012
0.002696
0.013580
0.000000
0.037201
0.010620
0.000478
0.000000
0.014893
0.147959
0.000956
0.000000
0.000000
0.000000
0.000000
0.000000
0.159241
0.037384
0.027415
0.022725
0.017497
0.016703
0.021647
0.003347
0.002940
0.002482
0.005219
0.074290
0.019897
0.017141
0.014018
0.041026
0.042857
0.025279
0.017985
0.039591
0.260142
0.005727
0.055155
0.000000
0.006989
0.000000
0.000000
0.000000
0.040904
0.011851
0.009939
0.000081
0.000427
0.000102
0.000000
0.000000
0.147949
0.007039
0.005452
0.007436
0.008728
0.014425
0.098887
0.054871
0.048462
0.170542
0.010986
0.017751
0.040873
0.033793
0.006378
0.000285
0.052358
0.012065
0.008128
0.000000
0.219198
0.008514
0.022074
0.000000
0.000071
0.000000
0.000000
0.000000
0.000000
0.000000
0.000000
0.000000
0.000153
0.003581
0.000000
0.000000
0.000905
0.001699
0.000336
0.000397
0.000214
0.000285
0.000458
0.000458
0.003550
0.007843
0.008169
0.081848
0.000865
0.002584
0.002421
0.022552
0.000458
0.001750
0.002197
0.021352
0.000112
0.000092
0.000000
0.000000
0.000031
0.000000
0.000000
0.000000
0.026459
0.034658
0.009023
0.739858
0.017324
0.008352
0.003347
0.000407
0.071177
0.002696
0.002136
0.002909
0.005503
0.009959
0.039022
0.010508
0.002716
0.008881
0.036865
0.202148
0.008535
0.005931
0.020182
0.000773
0.023061
0.041575
0.016734
0.001109
0.320404
0.060740
0.088684
0.000254
0.012441
0.003510
0.000112
0.000000
0.000590
0.000722
0.000122
0.000000
0.000000
0.000000
0.000000
0.000000
0.140808
0.012695
0.007517
0.006104
0.008301
0.013804
0.036275
0.016154
0.007843
0.004578
0.022115
0.029480
0.063649
0.033834
0.020365
0.024933
0.190511
0.077372
0.044230
0.009074
0.129242
0.022054
0.074697
0.001383
0.000153
0.000000
0.000000
0.000000
0.002767
0.000000
0.000000
0.000000
0.000061
0.000000
0.000000
0.000000
0.285787
0.046143
0.020111
0.014272
0.013560
0.013723
0.026794
0.009216
0.023631
0.039042
0.014567
0.002523
0.018901
0.005900
0.007161
0.001851
0.249298
0.057994
0.032674
0.002645
0.110158
0.001088
0.002706
0.000000
0.000000
0.000000
0.000000
0.000000
0.000254
0.000000
0.000000
0.000000
0.000000
0.000000
0.000000
0.000000
0.155060
0.000203
0.000061
0.000051
0.000010
0.000010
0.000000
0.000000
0.003245
0.011912
0.046244
0.450460
0.051900
0.017019
0.138529
0.034414
0.038025
0.002116
0.044983
0.002268
0.001892
0.000000
0.001597
0.000000
0.000000
0.000000
0.000000
0.000000
0.000000
0.000000
0.000000
0.000000
0.000000
0.000000
0.000000
0.000000
0.069600
0.000000
0.000020
0.000051
0.000071
0.000183
0.002085
0.010966
0.039866
0.267487
0.131592
0.174815
0.008158
0.007955
0.002716
0.000102
0.005127
0.000570
0.006785
0.000203
0.121958
0.000000
0.149689
0.000000
0.000000
0.000000
0.000000
0.000000
0.000000
0.000000
0.000000
0.000000
0.000000
0.000000
0.000000
0.000000
0.100474
0.001973
0.000682
0.000641
0.001211
0.001272
0.001923
0.001526
0.016571
0.003825
0.231740
0.312754
0.010152
0.001597
0.001750
0.000000
0.003805
0.000193
0.000061
0.000000
0.043355
0.000031
0.002472
0.000000
0.027934
0.164948
0.007202
0.000000
0.026377
0.014781
0.019501
0.000000
0.001180
0.000000
0.000071
0.000000
0.179515
0.026326
0.012044
0.005544
0.004496
0.003967
0.008514
0.004832
0.006460
0.022990
0.090007
0.326162
0.013570
0.002604
0.017792
0.000214
0.024099
0.000671
0.003855
0.000000
0.047139
0.000092
0.000183
0.000000
0.015991
0.003215
0.000010
0.000000
0.030894
0.148794
0.000020
0.000000
0.000000
0.000000
0.000000
0.000000
0.510050
0.002777
0.000559
0.000295
0.000264
0.000580
0.000193
0.000031
0.013133
0.007436
0.098022
0.198069
0.026479
0.014862
0.040741
0.026723
0.022257
0.007304
0.009389
0.007324
0.009735
0.000010
0.000132
0.000000
0.000590
0.000000
0.000000
0.000000
0.002747
0.000264
0.000020
0.000000
0.000010
0.000000
0.000000
0.000000
0.164378
0.016429
0.009888
0.003204
0.002146
0.002462
0.003815
0.006460
0.043538
0.053406
0.096313
0.027934
0.013682
0.000631
0.009888
0.000000
0.007151
0.000956
0.001699
0.000000
0.020854
0.001272
0.000570
0.000000
0.011332
0.007314
0.000610
0.000000
0.049662
0.024597
0.138326
0.275299
0.004761
0.001424
0.000000
0.000000
0.001088
0.000712
0.021200
0.316966
0.014058
0.000000
0.000000
0.000000
0.003723
0.001495
0.000916
0.146047
0.081797
0.012787
0.020650
0.296753
0.012746
0.000905
0.007456
0.060699
0.000000
0.000000
0.000000
0.000000
0.000000
0.000000
0.000000
0.000000
0.000000
0.000000
0.000000
0.000000
0.000000
0.000000
0.000000
0.000000
0.150197
0.002055
0.000458
0.000305
0.000214
0.000153
0.000244
0.000244
0.267436
0.190216
0.115570
0.023376
0.085836
0.021749
0.040314
0.039296
0.013906
0.000346
0.011739
0.000031
0.013407
0.000000
0.000000
0.000000
0.000020
0.000000
0.000000
0.000000
0.008250
0.000051
0.012655
0.000000
0.001790
0.000122
0.000020
0.000000
0.011119
0.001434
0.005747
0.013519
0.010457
0.009379
0.011454
0.003072
0.015635
0.012227
0.034770
0.061829
0.013774
0.001567
0.004913
0.000478
0.011739
0.028788
0.031840
0.157990
0.302053
0.005351
0.107625
0.000061
0.063507
0.000570
0.000285
0.000000
0.076691
0.001923
0.000203
0.000000
0.000000
0.000000
0.000000
0.000000
0.151733
0.031789
0.003326
0.003591
0.007019
0.010885
0.022481
0.006480
0.173381
0.057322
0.053874
0.063131
0.080139
0.015778
0.020854
0.000987
0.105988
0.095113
0.022898
0.008545
0.020589
0.003153
0.000275
0.000000
0.000315
0.000000
0.000000
0.000000
0.011648
0.025421
0.000000
0.000000
0.003286
0.000000
0.000000
0.000000
0.070201
0.050791
0.015513
0.013346
0.013835
0.014638
0.260915
0.015086
0.047557
0.020437
0.088430
0.088257
0.030131
0.006805
0.012400
0.087189
0.006287
0.012533
0.000498
0.024811
0.009939
0.008535
0.000000
0.000000
0.006521
0.000122
0.000000
0.000000
0.030355
0.064626
0.000142
0.000000
0.000102
0.000000
0.000000
0.000000
0.300415
0.004476
0.002848
0.008199
0.014231
0.015432
0.015564
0.003520
0.001892
0.002543
0.029114
0.010386
0.004659
0.015004
0.022664
0.046031
0.006805
0.009735
0.012227
0.002818
0.339142
0.017893
0.071167
0.000041
0.033539
0.004567
0.000000
0.000000
0.001414
0.003652
0.000020
0.000000
0.000000
0.000000
0.000000
0.000000
0.254700
0.000000
0.000000
0.000000
0.000000
0.000000
0.000000
0.000000
0.000000
0.000000
0.000000
0.000010
0.001333
0.001099
0.209198
0.430389
0.009471
0.000071
0.024709
0.000448
0.066152
0.000000
0.002421
0.000000
0.000000
0.000000
0.000000
0.000000
0.000000
0.000000
0.000000
0.000000
0.000000
0.000000
0.000000
0.000000
0.066030
0.000346
0.000173
0.000234
0.000570
0.001231
0.018077
0.001760
0.013021
0.017751
0.087748
0.050720
0.001892
0.000559
0.011383
0.010020
0.008403
0.012756
0.034810
0.041209
0.047475
0.042409
0.003794
0.000000
0.005035
0.003164
0.002187
0.000000
0.011139
0.248383
0.003357
0.252543
0.001556
0.000264
0.000000
0.000000
0.221273
0.001638
0.001851
0.002136
0.002757
0.002930
0.003591
0.003794
0.000000
0.000000
0.000000
0.000000
0.000020
0.000010
0.000153
0.000112
0.017822
0.031911
0.035024
0.027059
0.220673
0.009450
0.080078
0.000203
0.039124
0.000031
0.003571
0.000000
0.193044
0.075999
0.025747
0.000000
0.000000
0.000000
0.000000
0.000000
0.234863
0.017181
0.011200
0.013468
0.019450
0.032288
0.088796
0.035828
0.009145
0.010478
0.010417
0.007050
0.013997
0.023916
0.009623
0.001699
0.026967
0.057129
0.019765
0.005463
0.167572
0.014862
0.080851
0.000702
0.003550
0.000000
0.000031
0.000000
0.060455
0.014842
0.005198
0.000000
0.002319
0.000773
0.000122
0.000000
0.068339
0.004018
0.018097
0.019267
0.004842
0.009196
0.310476
0.024445
0.012441
0.004761
0.146667
0.305339
0.019847
0.000498
0.004934
0.000000
0.014679
0.000254
0.000397
0.000000
0.029551
0.000092
0.001058
0.000000
0.000193
0.000000
0.000061
0.000000
0.000549
0.000000
0.000000
0.000000
0.000000
0.000000
0.000000
0.000000
0.167816
0.015828
0.007121
0.007334
0.008352
0.007965
0.012014
0.002391
0.006012
0.000346
0.005066
0.000305
0.041250
0.018860
0.057963
0.024119
0.085754
0.067719
0.071777
0.148722
0.147512
0.012400
0.083252
0.000031
0.000041
0.000000
0.000000
0.000000
0.000051
0.000000
0.000000
0.000000
0.000000
0.000000
0.000000
0.000000
0.065002
0.038157
0.023885
0.017985
0.019267
0.020701
0.021962
0.010915
0.019704
0.018972
0.051036
0.030680
0.011414
0.003153
0.008036
0.002340
0.062927
0.040131
0.095622
0.016184
0.080587
0.000061
0.005310
0.000000
0.000987
0.000000
0.000000
0.000000
0.035085
0.067535
0.129354
0.102987
0.000020
0.000000
0.000000
0.000000
0.091054
0.000193
0.000458
0.000814
0.001933
0.001699
0.002665
0.001862
0.001048
0.003469
0.018667
0.037598
0.009298
0.014455
0.045095
0.130890
0.021159
0.023438
0.253581
0.131714
0.105713
0.004191
0.098928
0.000031
0.000031
0.000000
0.000000
0.000000
0.000000
0.000020
0.000000
0.000000
0.000000
0.000000
0.000000
0.000000
0.078227
0.005269
0.006785
0.004964
0.005259
0.006378
0.038279
0.029490
0.002879
0.009237
0.011709
0.057872
0.002543
0.001404
0.003387
0.001231
0.014414
0.042867
0.043488
0.041300
0.345500
0.006694
0.052907
0.001373
0.066355
0.000112
0.000010
0.000000
0.068207
0.050151
0.001699
0.000000
0.000010
0.000000
0.000000
0.000000
0.167318
0.016439
0.003194
0.002075
0.001851
0.001841
0.004018
0.001567
0.015188
0.008138
0.076711
0.045095
0.034454
0.011363
0.045929
0.010915
0.034119
0.056671
0.096954
0.155029
0.010122
0.000010
0.001536
0.000000
0.000285
0.000000
0.000000
0.000000
0.021108
0.177785
0.000020
0.000000
0.000214
0.000000
0.000051
0.000000
0.147644
0.008169
0.009206
0.009644
0.010111
0.010854
0.014557
0.009593
0.024536
0.010895
0.062154
0.090576
0.009796
0.001790
0.003937
0.000041
0.018097
0.002106
0.006897
0.005442
0.137187
0.002828
0.084371
0.001272
0.008860
0.000000
0.000000
0.000000
0.258494
0.008962
0.035990
0.000000
0.005809
0.000031
0.000153
0.000000
0.029887
0.001862
0.001211
0.001180
0.001424
0.002157
0.010030
0.003682
0.023376
0.025370
0.034241
0.103088
0.019358
0.019877
0.021912
0.021698
0.026642
0.072876
0.041036
0.091919
0.260020
0.034149
0.120758
0.000305
0.020487
0.000631
0.002289
0.000000
0.005839
0.000071
0.000010
0.000000
0.000559
0.002045
0.000010
0.000000
0.000661
0.000000
0.000000
0.000020
0.001139
0.144806
0.114207
0.000193
0.072917
0.057078
0.259542
0.304932
0.009023
0.013051
0.011617
0.010701
0.000000
0.000000
0.000000
0.000000
0.000000
0.000000
0.000000
0.000000
0.000000
0.000000
0.000000
0.000000
0.000000
0.000000
0.000000
0.000000
0.000051
0.000061
0.000000
0.000000
0.016988
0.002452
0.001292
0.000814
0.000448
0.021484
0.037404
0.000173
0.060079
0.049876
0.350850
0.343140
0.008443
0.011037
0.010824
0.015004
0.000000
0.001628
0.000000
0.000834
0.000000
0.000000
0.000000
0.000000
0.000000
0.000000
0.000000
0.000000
0.006012
0.000000
0.000000
0.000000
0.059713
0.000122
0.001383
0.000000
0.113556
0.044250
0.018524
0.015350
0.018087
0.029002
0.208374
0.077972
0.000448
0.000051
0.000397
0.000539
0.012472
0.006978
0.014852
0.034403
0.010193
0.031057
0.004873
0.054270
0.006663
0.003143
0.000132
0.000000
0.017680
0.000539
0.000102
0.000000
0.141602
0.129893
0.004567
0.000000
0.000031
0.000000
0.000000
0.000000
0.183339
0.032705
0.008067
0.004690
0.003489
0.004801
0.078288
0.005371
0.089335
0.115316
0.110697
0.078257
0.057424
0.015137
0.018789
0.066518
0.025543
0.000702
0.002360
0.000000
0.041789
0.001760
0.000722
0.000000
0.000936
0.000010
0.000000
0.000000
0.009562
0.035085
0.000580
0.000000
0.007680
0.000000
0.001048
0.000000
0.190694
0.040894
0.019114
0.015310
0.017975
0.020671
0.082530
0.023488
0.086131
0.019206
0.024740
0.000010
0.026672
0.003133
0.010915
0.004150
0.054301
0.031748
0.056712
0.075806
0.072510
0.001282
0.016246
0.000000
0.003662
0.000000
0.000000
0.000000
0.044250
0.055033
0.000122
0.000000
0.002635
0.000061
0.000000
0.000000
0.132589
0.030813
0.017354
0.010864
0.008799
0.007894
0.031565
0.008698
0.000590
0.000000
0.000183
0.000000
0.001200
0.000997
0.006694
0.009104
0.021108
0.049733
0.075389
0.166341
0.118978
0.000458
0.016215
0.000000
0.032674
0.000254
0.000468
0.000000
0.158590
0.088389
0.003927
0.000000
0.000132
0.000000
0.000000
0.000000
0.105387
0.016184
0.010061
0.012705
0.020671
0.160492
0.029287
0.000743
0.039408
0.011353
0.073130
0.018382
0.013601
0.001465
0.002686
0.000031
0.009450
0.000621
0.001007
0.000000
0.260630
0.005178
0.029185
0.000000
0.068593
0.002909
0.000315
0.000000
0.077616
0.027395
0.001190
0.000000
0.000315
0.000010
0.000000
0.000000
0.197205
0.045878
0.026733
0.024129
0.018331
0.013835
0.036997
0.020935
0.005381
0.000051
0.000203
0.000000
0.013896
0.004008
0.020782
0.006460
0.077423
0.020406
0.030314
0.020650
0.012095
0.000041
0.000183
0.000000
0.000071
0.000000
0.000000
0.000000
0.071106
0.321106
0.007680
0.000000
0.003794
0.000224
0.000081
0.000000
0.162567
0.000397
0.000163
0.000163
0.000224
0.000346
0.002360
0.002909
0.035604
0.124481
0.062266
0.136892
0.027974
0.010956
0.031911
0.003703
0.078868
0.045034
0.083394
0.002696
0.099986
0.002177
0.084005
0.000000
0.000000
0.000000
0.000000
0.000000
0.000000
0.000000
0.000000
0.000000
0.000081
0.000844
0.000000
0.000000
0.013367
0.002248
0.002635
0.001689
0.000000
0.000000
0.000000
0.000000
0.007304
0.000000
0.002045
0.000000
0.001556
0.000000
0.259430
0.113424
0.014404
0.002096
0.166626
0.062073
0.013163
0.000000
0.000529
0.000000
0.005432
0.000000
0.000000
0.000000
0.169017
0.026469
0.136485
0.000000
0.000010
0.000000
0.000000
0.000000
0.000000
0.000000
0.000000
0.000000
0.000000
0.000315
0.018433
0.000326
0.001038
0.131419
0.095225
0.427063
0.000122
0.011139
0.226084
0.046661
0.000000
0.018697
0.000000
0.023254
0.000000
0.000000
0.000000
0.000000
0.000000
0.000000
0.000000
0.000000
0.000000
0.000000
0.000000
0.000000
0.000000
0.000224
0.000000
0.000000
0.070333
0.000559
0.001088
0.002858
0.004659
0.004832
0.004985
0.000102
0.034882
0.022817
0.110942
0.113190
0.015167
0.030314
0.015076
0.028636
0.003265
0.021118
0.001444
0.002218
0.001851
0.007568
0.000000
0.000000
0.003510
0.070384
0.000000
0.000000
0.198303
0.229899
0.000000
0.000000
0.000000
0.000000
0.000000
0.000000
0.002431
0.000010
0.000041
0.000020
0.000010
0.000020
0.000000
0.000000
0.000051
0.000010
0.282277
0.127930
0.000478
0.000051
0.063090
0.060455
0.003642
0.001851
0.117788
0.125081
0.008993
0.004954
0.023071
0.000041
0.005900
0.000427
0.000122
0.000010
0.001363
0.000793
0.001506
0.167582
0.000000
0.000000
0.000000
0.000000
0.240489
0.018392
0.004883
0.005717
0.006205
0.007121
0.025940
0.011332
0.012217
0.007477
0.030741
0.047048
0.031118
0.003977
0.014465
0.000326
0.023549
0.015096
0.005697
0.001363
0.163391
0.010396
0.007548
0.000000
0.039276
0.044291
0.001302
0.000000
0.045105
0.080312
0.037649
0.057485
0.000092
0.000000
0.000000
0.000000
0.145589
0.012990
0.002523
0.002350
0.003082
0.003123
0.234914
0.009786
0.010091
0.012624
0.101959
0.105784
0.016062
0.036652
0.095540
0.121002
0.011129
0.008962
0.006694
0.004384
0.050985
0.000041
0.002167
0.000000
0.001567
0.000000
0.000000
0.000000
0.000000
0.000000
0.000000
0.000000
0.000000
0.000000
0.000000
0.000000
0.015442
0.001190
0.000966
0.002279
0.001862
0.006785
0.011058
0.004598
0.031820
0.094635
0.300303
0.233856
0.038249
0.014119
0.011108
0.000000
0.038177
0.007599
0.004832
0.000000
0.013062
0.006775
0.019348
0.000000
0.006337
0.000000
0.042236
0.000000
0.014659
0.001007
0.051097
0.025350
0.001170
0.000081
0.000000
0.000000
0.178884
0.019897
0.008087
0.004456
0.003448
0.003031
0.003255
0.002238
0.023193
0.033997
0.051239
0.023855
0.013906
0.013428
0.109538
0.061615
0.025228
0.011587
0.026784
0.006042
0.333679
0.010793
0.017507
0.000000
0.013743
0.000000
0.000000
0.000000
0.000468
0.000000
0.000000
0.000000
0.000081
0.000020
0.000000
0.000000
0.178335
0.000346
0.011576
0.021820
0.022797
0.019725
0.031565
0.006195
0.025564
0.146149
0.013723
0.009969
0.039439
0.006663
0.004862
0.000000
0.020721
0.000010
0.000712
0.000000
0.275401
0.001862
0.016673
0.000000
0.140839
0.005056
0.000000
0.000000
0.000000
0.000000
0.000000
0.000000
0.000000
0.000000
0.000000
0.000000
0.025859
0.001963
0.000366
0.000651
0.001139
0.001587
0.001902
0.000051
0.028188
0.000936
0.129669
0.223826
0.000051
0.000000
0.000000
0.000000
0.000000
0.000000
0.000000
0.000000
0.002909
0.000000
0.000631
0.000000
0.002696
0.542379
0.001119
0.004049
0.003316
0.018066
0.002736
0.005819
0.000092
0.000000
0.000000
0.000000
0.327525
0.000275
0.000916
0.000824
0.002594
0.034678
0.026398
0.000081
0.008657
0.012115
0.055511
0.100260
0.012614
0.021037
0.009420
0.028839
0.033946
0.142771
0.009806
0.063232
0.049896
0.007497
0.001506
0.000000
0.035085
0.000000
0.000000
0.000000
0.013814
0.000000
0.000702
0.000000
0.000000
0.000000
0.000000
0.000000
0.043935
0.006744
0.003967
0.004232
0.003632
0.010986
0.037506
0.009745
0.097432
0.123169
0.041107
0.125580
0.025808
0.019806
0.025859
0.030060
0.007222
0.020986
0.000865
0.000529
0.010518
0.000956
0.003581
0.000000
0.005625
0.000112
0.001241
0.000000
0.043243
0.012512
0.012868
0.262604
0.005829
0.001740
0.000000
0.000000
0.095673
0.000000
0.000010
0.000051
0.000814
0.043599
0.001526
0.000010
0.000000
0.000000
0.000000
0.000000
0.000000
0.000000
0.000000
0.000000
0.001821
0.196930
0.018656
0.069326
0.384023
0.050557
0.134155
0.002848
0.000000
0.000000
0.000000
0.000000
0.000000
0.000000
0.000000
0.000000
0.000000
0.000000
0.000000
0.000000
0.289215
0.086568
0.051971
0.008352
0.007762
0.007813
0.034292
0.007121
0.025625
0.002411
0.033132
0.001902
0.036713
0.006632
0.020782
0.000854
0.088216
0.033508
0.029205
0.001139
0.116130
0.000315
0.044993
0.000000
0.012065
0.000000
0.000000
0.000000
0.053263
0.000000
0.000000
0.000000
0.000020
0.000000
0.000000
0.000000
0.217072
0.029582
0.021495
0.046163
0.022349
0.017690
0.025960
0.006917
0.010997
0.000163
0.000183
0.000000
0.011414
0.004079
0.008148
0.002157
0.107025
0.020620
0.040924
0.004781
0.316732
0.000122
0.032013
0.000000
0.000000
0.000000
0.000000
0.000000
0.026784
0.000214
0.000010
0.000000
0.025553
0.000580
0.000275
0.000000
