0.032084
0.015944
0.043998
0.037134
0.002762
0.005493
0.012460
0.001330
0.007163
0.037608
0.026013
0.005555
0.014078
0.007967
0.006369
0.000474
0.001031
0.001330
0.001092
0.179587
0.007493
0.007781
0.002329
0.005648
0.004720
0.002535
0.001556
0.001113
0.002556
0.000041
0.000052
0.002515
0.076432
0.050027
0.007204
0.018757
0.009059
0.004957
0.000938
0.000433
0.001092
0.000732
0.079317
0.005607
0.005421
0.015346
0.002834
0.004061
0.061055
0.048563
0.130354
0.031651
0.018809
0.040287
0.042998
0.004277
0.005988
0.013305
0.001608
0.005895
0.049501
0.030836
0.007276
0.015264
0.008431
0.007101
0.000721
0.001237
0.001381
0.001103
0.218689
0.009080
0.009173
0.002546
0.006503
0.006194
0.002731
0.001659
0.001288
0.002587
0.000062
0.000113
0.002453
0.071371
0.060848
0.008802
0.020087
0.009801
0.005215
0.000886
0.000639
0.001567
0.000897
0.072041
0.005998
0.005442
0.016840
0.002814
0.002948
0.054685
0.037463
0.070907
0.054541
0.029682
0.054562
0.052789
0.005545
0.009183
0.017809
0.002783
0.007307
0.035629
0.035103
0.009307
0.018933
0.010327
0.010533
0.001422
0.002164
0.001690
0.001917
0.140681
0.011863
0.011265
0.003556
0.007390
0.007183
0.003484
0.002896
0.002360
0.003690
0.000113
0.000175
0.003638
0.047481
0.037855
0.009595
0.023189
0.011059
0.008441
0.001556
0.001484
0.001835
0.001876
0.062611
0.006101
0.010110
0.019695
0.003762
0.006039
0.059735
0.041009
0.087047
0.066476
0.037381
0.049676
0.059065
0.007524
0.012481
0.020479
0.004628
0.005772
0.033197
0.028816
0.012244
0.021262
0.011553
0.015872
0.002030
0.002772
0.002453
0.002680
0.087006
0.013893
0.013326
0.004895
0.008595
0.010471
0.004555
0.004164
0.003370
0.005153
0.000227
0.000247
0.004638
0.039102
0.041503
0.013563
0.019829
0.014717
0.011028
0.002401
0.002309
0.002164
0.002370
0.069805
0.008534
0.011863
0.019582
0.004092
0.004514
0.056499
0.041050
0.078173
0.026374
0.011729
0.050016
0.046986
0.002051
0.004617
0.010719
0.000711
0.008688
0.052799
0.033176
0.004731
0.013615
0.009121
0.005442
0.000237
0.000639
0.000557
0.000453
0.238014
0.007771
0.007235
0.002226
0.005009
0.005009
0.002309
0.000752
0.000701
0.001463
0.000021
0.000021
0.002133
0.086862
0.060642
0.006235
0.015058
0.008060
0.004772
0.000474
0.000319
0.000742
0.000515
0.078225
0.003277
0.004483
0.012831
0.001855
0.002979
0.062425
0.029548
0.065373
0.011790
0.005565
0.020283
0.019015
0.001123
0.001989
0.005040
0.000278
0.005071
0.038071
0.021324
0.002082
0.005194
0.004762
0.002401
0.000216
0.000546
0.000433
0.000361
0.274436
0.004566
0.004504
0.001422
0.002597
0.001649
0.000938
0.000618
0.000309
0.000969
0.000010
0.000021
0.001092
0.148823
0.079936
0.004267
0.007153
0.004040
0.002051
0.000309
0.000196
0.000453
0.000402
0.088675
0.003834
0.001773
0.006678
0.001381
0.001123
0.034165
0.048646
0.127417
0.035783
0.016851
0.037072
0.039308
0.003092
0.006462
0.011007
0.001742
0.005112
0.032836
0.021973
0.005555
0.011203
0.009183
0.008080
0.000845
0.001402
0.001268
0.001278
0.118038
0.006936
0.007266
0.003092
0.005833
0.005730
0.003319
0.002185
0.002123
0.003174
0.000113
0.000072
0.003535
0.098600
0.037752
0.007740
0.010904
0.010296
0.007338
0.001051
0.000886
0.001536
0.001711
0.074515
0.005215
0.006596
0.013089
0.002721
0.003473
0.048512
0.050501
0.206095
0.012512
0.006761
0.019211
0.024601
0.001330
0.002381
0.004865
0.000639
0.002741
0.044966
0.021169
0.002566
0.005988
0.004277
0.002865
0.000206
0.000505
0.000598
0.000526
0.260914
0.004370
0.004648
0.001536
0.003092
0.002618
0.000897
0.000495
0.000402
0.001134
0.000031
0.000031
0.001113
0.146154
0.092427
0.005349
0.008410
0.005215
0.002370
0.000474
0.000134
0.000484
0.000381
0.097539
0.004514
0.002525
0.007204
0.001577
0.001051
0.034413
0.048203
0.101589
0.009389
0.004226
0.022262
0.023983
0.000567
0.002072
0.004215
0.000350
0.004947
0.050429
0.025941
0.001608
0.005153
0.004968
0.002577
0.000072
0.000402
0.000299
0.000216
0.306747
0.004401
0.004390
0.001123
0.003246
0.002587
0.000907
0.000464
0.000247
0.000361
0.000000
0.000000
0.001072
0.158119
0.082955
0.003700
0.005730
0.004957
0.001773
0.000186
0.000103
0.000299
0.000155
0.086150
0.002886
0.001453
0.005421
0.001360
0.001000
0.036196
0.036989
0.081348
0.009482
0.004329
0.018902
0.023014
0.000701
0.002340
0.003514
0.000392
0.003885
0.043936
0.017253
0.001505
0.004504
0.004741
0.002741
0.000103
0.000484
0.000237
0.000258
0.180927
0.004648
0.004597
0.001536
0.003710
0.002649
0.000948
0.000484
0.000289
0.000474
0.000021
0.000000
0.001360
0.135023
0.077874
0.004720
0.005926
0.005978
0.001917
0.000237
0.000093
0.000453
0.000237
0.117224
0.004205
0.001958
0.004916
0.002082
0.000721
0.034330
0.068784
0.189358
0.015119
0.008894
0.022385
0.021602
0.001701
0.002711
0.006555
0.000989
0.005617
0.038906
0.017479
0.002628
0.006627
0.004937
0.003648
0.000443
0.000608
0.000732
0.000680
0.238447
0.005071
0.005349
0.001206
0.004102
0.002875
0.001103
0.000732
0.000742
0.001381
0.000021
0.000041
0.001226
0.149926
0.075896
0.004937
0.009389
0.005782
0.001896
0.000526
0.000350
0.000680
0.000557
0.099095
0.005071
0.003442
0.007905
0.002391
0.001041
0.037113
0.056128
0.113318
0.041648
0.022427
0.046090
0.051738
0.004844
0.007050
0.015490
0.002267
0.004926
0.047832
0.034485
0.008338
0.018283
0.009018
0.008822
0.000979
0.001165
0.001474
0.001288
0.200159
0.009513
0.008090
0.003370
0.007163
0.006699
0.002875
0.001948
0.001865
0.003236
0.000082
0.000082
0.002886
0.054180
0.051954
0.009822
0.021530
0.010317
0.006070
0.001072
0.001031
0.001639
0.001247
0.069166
0.006009
0.007307
0.018861
0.003267
0.003659
0.055458
0.036649
0.064631
0.011244
0.006472
0.017964
0.021118
0.001000
0.002484
0.004566
0.000567
0.003422
0.041627
0.018222
0.001773
0.005565
0.004030
0.002793
0.000216
0.000402
0.000577
0.000392
0.263388
0.004349
0.004452
0.001185
0.002752
0.002319
0.000804
0.000598
0.000402
0.000938
0.000031
0.000041
0.001196
0.170250
0.086212
0.004205
0.006369
0.005339
0.001979
0.000402
0.000319
0.000484
0.000319
0.096251
0.003700
0.002618
0.005936
0.001721
0.000804
0.029641
0.051305
0.105258
0.041359
0.018603
0.039896
0.032259
0.004308
0.005988
0.012873
0.001505
0.008276
0.024034
0.029579
0.006946
0.012368
0.008431
0.006132
0.000969
0.001783
0.001628
0.001443
0.110277
0.008513
0.008410
0.002958
0.004050
0.003999
0.003401
0.002288
0.002350
0.002783
0.000134
0.000175
0.002474
0.123387
0.028981
0.008482
0.012110
0.007328
0.006812
0.001154
0.001618
0.001804
0.001628
0.067949
0.006843
0.006843
0.013934
0.002072
0.006926
0.047306
0.045812
0.198819
0.021983
0.014501
0.026652
0.033114
0.003082
0.004360
0.008441
0.001278
0.004339
0.046770
0.026869
0.005009
0.010595
0.005761
0.004236
0.000804
0.001020
0.000938
0.000855
0.270623
0.006936
0.006709
0.001628
0.003669
0.003721
0.001876
0.001185
0.000969
0.002010
0.000093
0.000062
0.001938
0.098332
0.077926
0.006555
0.011832
0.006256
0.003782
0.000917
0.000567
0.001031
0.000691
0.071969
0.005462
0.004143
0.009389
0.001989
0.001711
0.037700
0.039174
0.098549
0.022901
0.010286
0.030331
0.037051
0.001731
0.004586
0.007513
0.000866
0.004432
0.045729
0.025560
0.004030
0.009111
0.007050
0.005339
0.000299
0.000660
0.000907
0.000639
0.197799
0.007060
0.006720
0.002690
0.004731
0.004617
0.002051
0.001113
0.000886
0.001628
0.000031
0.000041
0.002453
0.123459
0.084038
0.006895
0.009100
0.008575
0.004875
0.000598
0.000340
0.001041
0.000721
0.106742
0.004834
0.004030
0.009379
0.002061
0.001752
0.047419
0.043503
0.089799
0.043225
0.028899
0.042112
0.057087
0.006029
0.008626
0.015367
0.002700
0.004153
0.048440
0.033238
0.009502
0.018459
0.008802
0.010471
0.001721
0.001742
0.002010
0.002041
0.157202
0.010244
0.009935
0.003411
0.007524
0.007534
0.003978
0.002752
0.002319
0.004133
0.000072
0.000113
0.003123
0.050305
0.057190
0.010935
0.019603
0.011574
0.007637
0.001670
0.001185
0.002020
0.001742
0.075916
0.007730
0.008812
0.017799
0.003597
0.003380
0.050893
0.040380
0.070670
0.014429
0.007709
0.022530
0.032537
0.001340
0.002896
0.005370
0.000567
0.003205
0.058251
0.030301
0.002855
0.006967
0.004669
0.003411
0.000186
0.000412
0.000443
0.000381
0.284485
0.005163
0.005081
0.001742
0.003525
0.003164
0.001463
0.000629
0.000371
0.000886
0.000010
0.000010
0.001505
0.122202
0.098683
0.005627
0.009245
0.005617
0.002752
0.000433
0.000165
0.000453
0.000299
0.091767
0.003370
0.002958
0.006400
0.001567
0.001175
0.033805
0.037268
0.069722
0.009688
0.005730
0.013264
0.017799
0.001216
0.001701
0.003679
0.000484
0.002092
0.038350
0.015047
0.002102
0.004906
0.003071
0.002257
0.000206
0.000330
0.000495
0.000247
0.232438
0.003947
0.004195
0.001175
0.002638
0.001958
0.000783
0.000412
0.000340
0.000907
0.000010
0.000041
0.000845
0.146102
0.085367
0.004514
0.005864
0.004236
0.001711
0.000381
0.000186
0.000361
0.000289
0.098095
0.003927
0.002247
0.005545
0.001247
0.000464
0.024581
0.060055
0.182473
0.060673
0.036165
0.052614
0.052335
0.007647
0.010512
0.021581
0.003958
0.006369
0.034083
0.027003
0.011955
0.024117
0.009554
0.010533
0.001783
0.002690
0.002453
0.002474
0.125397
0.011945
0.011543
0.002453
0.008297
0.006967
0.004040
0.003484
0.003380
0.005782
0.000134
0.000227
0.003391
0.036371
0.032042
0.010492
0.032547
0.011986
0.008956
0.002123
0.001783
0.002443
0.002185
0.051841
0.007936
0.010502
0.027528
0.005143
0.006328
0.060168
0.045688
0.078400
0.025220
0.016088
0.027033
0.028765
0.002979
0.004865
0.011193
0.001804
0.003102
0.039329
0.018716
0.004597
0.012409
0.005308
0.006277
0.000732
0.000711
0.001536
0.001185
0.195397
0.006266
0.006452
0.001907
0.004968
0.005143
0.001876
0.001845
0.001206
0.002865
0.000082
0.000134
0.002102
0.090603
0.062281
0.006998
0.014202
0.008018
0.003803
0.001041
0.000464
0.001422
0.001123
0.081152
0.005978
0.005256
0.012945
0.003154
0.001597
0.037886
0.054263
0.165725
0.056551
0.031465
0.050820
0.046914
0.007019
0.009997
0.017026
0.003288
0.009234
0.027054
0.036000
0.010028
0.015521
0.010914
0.010760
0.001670
0.002659
0.002865
0.002638
0.087367
0.011110
0.011708
0.004669
0.006648
0.005978
0.004494
0.004205
0.003092
0.004720
0.000289
0.000237
0.004349
0.055036
0.028384
0.011646
0.016480
0.011285
0.009358
0.002494
0.002216
0.002061
0.002422
0.060075
0.008245
0.009152
0.018953
0.003484
0.007390
0.059787
0.040731
0.149514
0.063239
0.034773
0.055778
0.056334
0.007142
0.011234
0.019860
0.003865
0.007390
0.032351
0.030146
0.011976
0.019211
0.012924
0.013697
0.001752
0.002917
0.002206
0.002329
0.085614
0.012955
0.012532
0.005473
0.007956
0.008523
0.004916
0.004009
0.003566
0.005091
0.000216
0.000216
0.004689
0.043194
0.040473
0.013738
0.018077
0.013202
0.010945
0.001999
0.002247
0.002443
0.002401
0.068485
0.008101
0.011131
0.019190
0.003855
0.005998
0.060333
0.041266
0.088036
0.059756
0.032887
0.049687
0.056664
0.007029
0.011254
0.019025
0.003628
0.006617
0.033671
0.030692
0.010512
0.019366
0.011832
0.013223
0.001855
0.002463
0.001886
0.002607
0.096951
0.012749
0.012347
0.004792
0.007884
0.008915
0.004370
0.003535
0.003123
0.004040
0.000134
0.000144
0.004782
0.050429
0.044925
0.012337
0.016851
0.012862
0.009286
0.002030
0.002144
0.002133
0.002350
0.070258
0.007709
0.009997
0.016913
0.003494
0.004844
0.056819
0.040122
0.096075
0.037536
0.016109
0.040854
0.036474
0.003525
0.005514
0.010760
0.001216
0.008503
0.033743
0.030630
0.006070
0.010853
0.009204
0.005586
0.000732
0.001649
0.001268
0.000979
0.163788
0.008451
0.008833
0.003751
0.004040
0.003834
0.003071
0.001721
0.001618
0.002133
0.000052
0.000103
0.002206
0.131065
0.048635
0.008276
0.011471
0.006916
0.007585
0.001051
0.001494
0.001123
0.001206
0.085367
0.005957
0.005328
0.011110
0.001948
0.006730
0.050264
0.045265
0.104403
0.034413
0.019840
0.047584
0.046636
0.003927
0.006349
0.014573
0.001731
0.006235
0.048357
0.030692
0.006926
0.017222
0.007730
0.007111
0.000721
0.001051
0.001484
0.000907
0.204590
0.009307
0.008709
0.002463
0.006503
0.006029
0.002845
0.001597
0.001463
0.003113
0.000052
0.000124
0.002329
0.067156
0.055314
0.008389
0.019623
0.009245
0.005638
0.000969
0.000835
0.001546
0.001000
0.072113
0.005823
0.006307
0.016820
0.002762
0.003494
0.058993
0.037391
0.073968
0.040370
0.026126
0.040524
0.045193
0.006029
0.007235
0.016418
0.002453
0.005009
0.042410
0.026704
0.008132
0.018500
0.009018
0.008750
0.001247
0.001494
0.002288
0.001793
0.176495
0.009688
0.009441
0.002803
0.006967
0.006359
0.003030
0.002793
0.002092
0.004442
0.000124
0.000113
0.002628
0.056097
0.049419
0.010110
0.022396
0.011131
0.006256
0.001484
0.001237
0.002010
0.001690
0.071010
0.007637
0.007482
0.022076
0.003504
0.003391
0.053521
0.043503
0.089376
0.063312
0.036206
0.050552
0.051676
0.007482
0.011430
0.022045
0.003762
0.006039
0.032310
0.028301
0.012192
0.021200
0.011316
0.013068
0.001896
0.003319
0.002463
0.002875
0.109329
0.012295
0.012543
0.004432
0.007503
0.008194
0.004329
0.004452
0.003092
0.004844
0.000175
0.000268
0.004401
0.039834
0.044307
0.012594
0.021726
0.012965
0.009626
0.002113
0.001484
0.002453
0.001773
0.073814
0.007781
0.010420
0.020242
0.003803
0.004792
0.061879
0.040329
0.070763
0.022921
0.012718
0.032795
0.031579
0.003040
0.004411
0.009791
0.001185
0.006081
0.042307
0.020530
0.004184
0.010461
0.007132
0.005236
0.000536
0.000948
0.001505
0.000969
0.178979
0.007287
0.007719
0.002061
0.005133
0.004267
0.001731
0.001463
0.001196
0.002113
0.000082
0.000062
0.002298
0.103836
0.058045
0.007080
0.012481
0.009647
0.003473
0.000680
0.000742
0.001412
0.000773
0.095107
0.006112
0.004617
0.012780
0.002906
0.001948
0.050367
0.056911
0.138362
0.015099
0.008760
0.021592
0.023766
0.001556
0.002865
0.006277
0.000763
0.003566
0.042307
0.021138
0.003236
0.006967
0.004287
0.003133
0.000299
0.000464
0.000804
0.000484
0.283166
0.004679
0.005112
0.001701
0.003051
0.002917
0.001278
0.000783
0.000825
0.001577
0.000031
0.000052
0.001196
0.142546
0.092046
0.005019
0.008894
0.004823
0.002288
0.000557
0.000196
0.000825
0.000536
0.088263
0.004473
0.002793
0.008070
0.001556
0.001463
0.033495
0.044523
0.083904
0.026704
0.013646
0.037092
0.046430
0.002236
0.005957
0.010069
0.001216
0.004267
0.056427
0.031826
0.004741
0.012450
0.007647
0.006318
0.000361
0.000732
0.000732
0.000732
0.220885
0.007039
0.007101
0.002783
0.005751
0.005565
0.002350
0.001092
0.000732
0.001711
0.000041
0.000041
0.002886
0.075988
0.085305
0.006596
0.012048
0.009513
0.005133
0.000618
0.000319
0.000938
0.000381
0.089685
0.003978
0.004895
0.011265
0.001783
0.001814
0.047151
0.035361
0.079668
0.038236
0.022952
0.048017
0.049831
0.004432
0.006720
0.015800
0.002041
0.005885
0.045430
0.032011
0.007802
0.017593
0.009070
0.008503
0.000969
0.001319
0.001793
0.001422
0.193150
0.008977
0.009234
0.003164
0.007132
0.007070
0.002979
0.001886
0.001711
0.003133
0.000113
0.000124
0.002628
0.061044
0.053933
0.009554
0.020571
0.010131
0.006792
0.001247
0.000958
0.001567
0.001144
0.070021
0.006524
0.007534
0.018428
0.003102
0.003350
0.058602
0.036577
0.067795
0.031712
0.019056
0.038247
0.047625
0.003401
0.006534
0.012491
0.001649
0.004339
0.055469
0.033197
0.006575
0.015614
0.007709
0.007245
0.000660
0.001123
0.001154
0.001319
0.212681
0.008410
0.008327
0.002690
0.006514
0.006132
0.002855
0.001793
0.001505
0.002618
0.000041
0.000093
0.002659
0.070093
0.072639
0.007719
0.016892
0.010038
0.005833
0.000866
0.000752
0.001525
0.000938
0.079585
0.005029
0.006256
0.014573
0.002937
0.002443
0.050460
0.036608
0.063373
0.052964
0.032279
0.050583
0.060158
0.006885
0.010719
0.017026
0.002948
0.006833
0.039628
0.039844
0.010832
0.019644
0.011059
0.011172
0.001154
0.002340
0.001896
0.001927
0.127262
0.012007
0.011904
0.004339
0.007183
0.007266
0.003793
0.002680
0.002556
0.003628
0.000134
0.000216
0.004123
0.053160
0.046770
0.011564
0.018995
0.011966
0.009276
0.001474
0.001701
0.001608
0.001608
0.070083
0.006916
0.010636
0.016944
0.003432
0.005163
0.058231
0.036144
0.067352
0.060962
0.029033
0.059158
0.054819
0.005442
0.010420
0.018520
0.002999
0.008802
0.034392
0.032362
0.010172
0.018613
0.012172
0.011347
0.001299
0.002700
0.002041
0.002309
0.092293
0.011316
0.012192
0.005483
0.006895
0.007214
0.004741
0.002927
0.002948
0.004329
0.000124
0.000124
0.004298
0.047110
0.037556
0.011461
0.017747
0.011873
0.010791
0.001494
0.001969
0.002113
0.002061
0.067331
0.007163
0.010409
0.018139
0.003195
0.007050
0.067228
0.039669
0.103197
0.063899
0.030053
0.062095
0.046626
0.006689
0.009760
0.019706
0.003113
0.013089
0.028280
0.032609
0.010059
0.016799
0.012605
0.010688
0.001618
0.003102
0.002546
0.002577
0.101991
0.012182
0.011636
0.005184
0.006648
0.006524
0.005297
0.003556
0.002948
0.004535
0.000134
0.000278
0.004380
0.053181
0.035443
0.011203
0.018871
0.011945
0.011265
0.001989
0.001999
0.002370
0.002082
0.069011
0.007750
0.009173
0.018376
0.003597
0.008029
0.071010
0.037968
0.083533
0.055654
0.028074
0.052253
0.048512
0.005648
0.008843
0.017521
0.002803
0.007183
0.029981
0.028435
0.010214
0.016428
0.010801
0.010430
0.001412
0.002278
0.002041
0.002298
0.083718
0.011553
0.011059
0.004638
0.006617
0.006472
0.004390
0.003257
0.002803
0.003947
0.000103
0.000206
0.003916
0.047718
0.033351
0.011121
0.016573
0.011028
0.009327
0.001649
0.001979
0.001876
0.001938
0.065899
0.007235
0.009554
0.017273
0.002948
0.005514
0.058426
0.040772
0.172332
0.060756
0.035083
0.050078
0.063229
0.007070
0.011224
0.018397
0.003484
0.005844
0.037463
0.035454
0.012532
0.019829
0.012244
0.012491
0.001680
0.002752
0.001999
0.002463
0.104898
0.013491
0.013233
0.005081
0.007462
0.007915
0.004803
0.003411
0.003123
0.004401
0.000113
0.000175
0.004442
0.042029
0.043596
0.012759
0.019314
0.012770
0.010502
0.002030
0.002082
0.001948
0.002051
0.070237
0.007853
0.011368
0.018665
0.003772
0.005050
0.056695
0.039246
0.071412
0.054603
0.027889
0.054819
0.056674
0.005483
0.009863
0.015243
0.002752
0.009049
0.038113
0.037711
0.010368
0.016614
0.011595
0.009822
0.001350
0.002267
0.001556
0.002030
0.124943
0.011079
0.011533
0.004349
0.006411
0.006431
0.005328
0.002845
0.002669
0.003453
0.000175
0.000124
0.004174
0.064270
0.038989
0.010914
0.015789
0.010574
0.009832
0.001536
0.001979
0.001659
0.001886
0.066733
0.006514
0.009595
0.016768
0.002803
0.008121
0.062889
0.035093
0.082739
0.065321
0.035742
0.054386
0.061755
0.006916
0.011615
0.019417
0.003298
0.005792
0.034712
0.031074
0.011935
0.019345
0.011997
0.013893
0.001814
0.002834
0.002515
0.002937
0.088799
0.014068
0.012893
0.004844
0.009162
0.008060
0.004710
0.003772
0.003813
0.004236
0.000206
0.000196
0.004895
0.037082
0.039257
0.013264
0.020169
0.014893
0.011430
0.002092
0.002587
0.002329
0.002597
0.070598
0.008317
0.011440
0.020582
0.003597
0.005452
0.058571
0.040854
0.077936
0.048811
0.024910
0.046564
0.043256
0.005339
0.007874
0.015624
0.002288
0.007802
0.027518
0.027136
0.008049
0.014717
0.009616
0.008946
0.001165
0.002102
0.001711
0.002020
0.092674
0.010069
0.009523
0.004339
0.005483
0.005534
0.003463
0.002958
0.002298
0.003968
0.000124
0.000175
0.003432
0.087233
0.031712
0.009956
0.014357
0.009894
0.008400
0.001505
0.001474
0.001587
0.001587
0.074123
0.006967
0.008410
0.014666
0.002896
0.006771
0.054201
0.049883
0.164891
0.027075
0.012429
0.038278
0.031362
0.002628
0.004401
0.009193
0.000732
0.007534
0.032619
0.028229
0.004287
0.010399
0.007050
0.003989
0.000412
0.001196
0.000855
0.000670
0.174022
0.006761
0.006637
0.002309
0.003484
0.002865
0.001938
0.001134
0.000825
0.001536
0.000052
0.000052
0.001618
0.094880
0.044070
0.006225
0.012058
0.005339
0.004710
0.000670
0.000701
0.000773
0.000618
0.076483
0.004968
0.003834
0.010935
0.001608
0.004617
0.051006
0.052088
0.197850
0.054077
0.028497
0.048759
0.044946
0.005287
0.009801
0.016521
0.003267
0.007441
0.027621
0.024488
0.008833
0.015212
0.011244
0.011275
0.001536
0.002391
0.002041
0.002607
0.079905
0.010894
0.010451
0.004061
0.006823
0.007214
0.003927
0.003319
0.003092
0.003958
0.000196
0.000093
0.003648
0.061055
0.031022
0.010327
0.015459
0.011687
0.009523
0.001907
0.002020
0.002175
0.002432
0.067434
0.006977
0.009554
0.017078
0.003556
0.005246
0.055953
0.046729
0.176444
0.026704
0.012409
0.037721
0.033238
0.002257
0.004452
0.008616
0.001000
0.007369
0.034475
0.029105
0.004164
0.010832
0.007225
0.004401
0.000402
0.000969
0.000763
0.000598
0.164509
0.007493
0.006421
0.002638
0.003700
0.003246
0.002061
0.001082
0.000835
0.001670
0.000093
0.000041
0.001855
0.074741
0.044255
0.005689
0.010564
0.005710
0.005411
0.000546
0.000587
0.000876
0.000474
0.070310
0.003968
0.004040
0.009770
0.001402
0.004617
0.048357
0.045574
0.240766
0.065229
0.035845
0.052191
0.054531
0.007771
0.010780
0.019778
0.003648
0.007699
0.029672
0.035856
0.011842
0.020561
0.012161
0.012089
0.001742
0.003216
0.002102
0.002546
0.101548
0.013419
0.013986
0.005287
0.007472
0.007441
0.005143
0.003690
0.003051
0.004535
0.000124
0.000206
0.004133
0.047151
0.038659
0.013955
0.019283
0.012388
0.010719
0.002164
0.002195
0.002329
0.002144
0.071670
0.008482
0.011626
0.018737
0.003380
0.005576
0.059735
0.036835
0.073680
0.055592
0.028043
0.054603
0.054118
0.005545
0.010069
0.016696
0.003113
0.009904
0.033145
0.032805
0.009575
0.017129
0.011708
0.010121
0.001175
0.002206
0.001927
0.002236
0.101074
0.011378
0.010636
0.004360
0.006905
0.006720
0.004731
0.003102
0.002628
0.004092
0.000103
0.000165
0.004019
0.058024
0.036474
0.011141
0.016171
0.010945
0.010523
0.001597
0.001752
0.001907
0.001773
0.071907
0.006184
0.008647
0.017129
0.002814
0.008791
0.064569
0.040792
0.109237
0.045832
0.028280
0.048069
0.056211
0.004885
0.008565
0.016397
0.002484
0.005184
0.043730
0.035742
0.008833
0.019500
0.009070
0.009245
0.001062
0.001721
0.001752
0.001484
0.184978
0.010945
0.010348
0.003751
0.007019
0.006648
0.003360
0.002370
0.001835
0.003865
0.000113
0.000134
0.003113
0.049274
0.049233
0.009997
0.022076
0.010523
0.007441
0.001278
0.001175
0.001639
0.001247
0.066847
0.006514
0.008018
0.017356
0.003020
0.003989
0.057612
0.034567
0.061673
0.051490
0.034176
0.047079
0.058097
0.006751
0.009049
0.017717
0.003236
0.004741
0.046007
0.037453
0.011038
0.019737
0.009008
0.009636
0.001659
0.002144
0.001969
0.002020
0.149472
0.011708
0.012089
0.003803
0.007369
0.007183
0.003721
0.002896
0.002597
0.004545
0.000175
0.000247
0.003401
0.043925
0.045585
0.011646
0.022530
0.011337
0.008719
0.002216
0.001845
0.001814
0.001907
0.062920
0.007802
0.009884
0.019118
0.003545
0.004318
0.053665
0.039844
0.065167
0.014151
0.006689
0.023601
0.017624
0.001216
0.002566
0.006184
0.000742
0.005555
0.027188
0.013192
0.002185
0.006184
0.005328
0.002865
0.000247
0.000505
0.000618
0.000495
0.136538
0.005040
0.004411
0.001206
0.003968
0.002319
0.000773
0.000649
0.000423
0.001072
0.000000
0.000041
0.000948
0.112998
0.043328
0.004597
0.009482
0.005854
0.001927
0.000309
0.000196
0.000546
0.000392
0.097147
0.004617
0.002484
0.008492
0.002195
0.001319
0.039927
0.078462
0.291205
0.057313
0.033836
0.052490
0.056303
0.006462
0.010451
0.019159
0.003380
0.006782
0.037041
0.033155
0.011007
0.021973
0.010904
0.010585
0.001628
0.002175
0.001938
0.002278
0.127169
0.011935
0.012100
0.003855
0.007451
0.007080
0.004184
0.003319
0.002659
0.004277
0.000134
0.000155
0.003669
0.043039
0.042915
0.011254
0.024323
0.011440
0.009791
0.001958
0.001731
0.002092
0.001835
0.066352
0.007101
0.010399
0.021221
0.003803
0.005328
0.058931
0.040184
0.069454
0.059426
0.037742
0.048120
0.061807
0.007183
0.011409
0.018840
0.003855
0.005153
0.038319
0.033289
0.012326
0.021932
0.010296
0.012811
0.002020
0.002216
0.002072
0.002309
0.115853
0.013594
0.012522
0.004195
0.008729
0.008812
0.004360
0.003576
0.002999
0.004710
0.000165
0.000103
0.004123
0.038855
0.044709
0.012089
0.022282
0.012873
0.009667
0.002195
0.001731
0.001958
0.002298
0.068032
0.007802
0.011687
0.019056
0.004102
0.004195
0.051964
0.041328
0.068310
0.055840
0.029198
0.056345
0.054840
0.005864
0.009626
0.017139
0.003288
0.008874
0.037731
0.039824
0.009843
0.020025
0.012502
0.009977
0.001175
0.002102
0.001546
0.001958
0.137218
0.011275
0.011471
0.004741
0.006359
0.007328
0.004236
0.002669
0.002247
0.003205
0.000144
0.000155
0.003721
0.052686
0.043977
0.011883
0.018995
0.010286
0.009595
0.001402
0.001525
0.001577
0.001391
0.065888
0.006380
0.009575
0.017521
0.002628
0.006421
0.063672
0.032547
0.069588
0.027353
0.015604
0.044791
0.038999
0.002999
0.004504
0.012502
0.001165
0.006946
0.042946
0.034980
0.005431
0.014913
0.007235
0.004524
0.000639
0.000989
0.001031
0.000886
0.294070
0.007328
0.007771
0.001814
0.004236
0.003597
0.001948
0.000938
0.000825
0.002216
0.000010
0.000062
0.001556
0.085738
0.042802
0.006586
0.024282
0.006338
0.003813
0.000804
0.000361
0.001041
0.000526
0.053624
0.004782
0.004215
0.018778
0.002360
0.003710
0.057385
0.029692
0.058354
0.013769
0.007142
0.021808
0.030115
0.001051
0.002803
0.005246
0.000670
0.003319
0.056252
0.028136
0.003040
0.007070
0.004421
0.003308
0.000165
0.000361
0.000495
0.000474
0.286041
0.004545
0.004823
0.001474
0.003463
0.003020
0.001123
0.000608
0.000515
0.000752
0.000031
0.000021
0.001330
0.138898
0.096240
0.005380
0.008905
0.005607
0.002649
0.000350
0.000196
0.000536
0.000258
0.092932
0.003514
0.002484
0.006493
0.001278
0.001185
0.032558
0.036196
0.066950
0.042751
0.021447
0.047048
0.049903
0.003875
0.007472
0.013532
0.001742
0.006555
0.042823
0.031300
0.007905
0.015892
0.011090
0.008420
0.000835
0.001639
0.001268
0.001587
0.130983
0.009513
0.009678
0.004329
0.005885
0.006070
0.004298
0.001989
0.001865
0.003370
0.000072
0.000093
0.004019
0.065868
0.052995
0.009739
0.015191
0.010739
0.008111
0.000938
0.000804
0.001587
0.001206
0.086563
0.005586
0.007091
0.015202
0.002814
0.003947
0.061003
0.042101
0.109267
0.049594
0.026446
0.045368
0.050738
0.005370
0.008987
0.016469
0.002340
0.005545
0.035660
0.026075
0.009255
0.016768
0.011017
0.010358
0.001031
0.001917
0.001824
0.001835
0.108556
0.010770
0.010677
0.004421
0.006524
0.006740
0.004133
0.003226
0.002288
0.003937
0.000093
0.000175
0.004050
0.063270
0.047275
0.011595
0.016789
0.011471
0.008822
0.001433
0.001319
0.001855
0.001412
0.083831
0.006782
0.008802
0.016820
0.003020
0.004287
0.058890
0.045884
0.114256
0.034856
0.019726
0.032898
0.038278
0.003916
0.007091
0.011584
0.001938
0.004050
0.039164
0.023931
0.006390
0.012532
0.007627
0.007987
0.000711
0.001371
0.001278
0.001299
0.120316
0.008080
0.008585
0.003226
0.006039
0.006029
0.002577
0.001886
0.001206
0.002474
0.000103
0.000113
0.003216
0.066156
0.058045
0.008595
0.013914
0.009709
0.005184
0.000969
0.000691
0.001113
0.001165
0.085882
0.005493
0.005998
0.011749
0.002360
0.002247
0.045554
0.046286
0.208414
0.026498
0.012584
0.036185
0.030290
0.002051
0.004875
0.010492
0.001031
0.005895
0.034485
0.022890
0.003782
0.010925
0.006761
0.005112
0.000423
0.000866
0.001196
0.000907
0.163242
0.006184
0.005988
0.002051
0.004638
0.004195
0.001927
0.001123
0.000773
0.002133
0.000031
0.000072
0.001886
0.076153
0.048120
0.006297
0.013656
0.007204
0.004133
0.000804
0.000423
0.000948
0.000907
0.080966
0.004597
0.004597
0.011327
0.002401
0.002525
0.048491
0.056334
0.218628
0.008235
0.003267
0.018386
0.018922
0.000423
0.001896
0.003453
0.000206
0.005174
0.039793
0.013780
0.001051
0.004257
0.004844
0.002370
0.000062
0.000289
0.000216
0.000165
0.169580
0.004432
0.004143
0.001412
0.003453
0.002030
0.000587
0.000392
0.000186
0.000484
0.000000
0.000010
0.001206
0.133951
0.067455
0.004287
0.005833
0.005308
0.001216
0.000258
0.000134
0.000237
0.000144
0.112308
0.003721
0.001402
0.005174
0.001948
0.000691
0.036288
0.072010
0.232933
0.028961
0.015727
0.038319
0.056293
0.001999
0.005308
0.009389
0.001226
0.003721
0.066239
0.044111
0.005297
0.012213
0.007122
0.006277
0.000433
0.000866
0.000691
0.000629
0.240085
0.007503
0.006359
0.002711
0.005534
0.005576
0.002453
0.001041
0.000732
0.001391
0.000031
0.000052
0.002772
0.074587
0.081111
0.006462
0.012388
0.008317
0.005504
0.000474
0.000484
0.000567
0.000474
0.082687
0.003484
0.005071
0.009564
0.001855
0.002175
0.045647
0.026415
0.051676
0.046554
0.023014
0.053789
0.056850
0.004277
0.007946
0.014089
0.001979
0.007658
0.045100
0.037402
0.008235
0.015913
0.010935
0.009533
0.001010
0.001453
0.001567
0.001216
0.152059
0.011419
0.010853
0.004133
0.006740
0.006689
0.003896
0.001938
0.001958
0.002896
0.000134
0.000093
0.004143
0.061900
0.048295
0.009873
0.016614
0.010492
0.008729
0.001350
0.001371
0.001628
0.001340
0.073257
0.005710
0.007956
0.016253
0.002721
0.005638
0.061621
0.034382
0.075401
0.062322
0.033856
0.054448
0.061735
0.006153
0.010987
0.018376
0.003525
0.005813
0.037195
0.032269
0.012295
0.019262
0.012007
0.012739
0.001742
0.002298
0.001989
0.002288
0.094962
0.012708
0.012770
0.005308
0.007822
0.007874
0.004710
0.003896
0.003484
0.004700
0.000186
0.000093
0.005576
0.042112
0.040112
0.012986
0.018654
0.013903
0.011564
0.001690
0.002216
0.002092
0.002597
0.069702
0.007307
0.010646
0.019232
0.004061
0.005040
0.060601
0.038917
0.081183
0.040349
0.022303
0.041225
0.049563
0.003463
0.007421
0.013512
0.002309
0.003844
0.041236
0.026219
0.007245
0.015078
0.008389
0.008977
0.000845
0.001185
0.001360
0.001381
0.123841
0.009214
0.009183
0.003164
0.007431
0.007050
0.002896
0.001855
0.001628
0.003051
0.000124
0.000041
0.003690
0.059457
0.047924
0.009080
0.016851
0.011028
0.006854
0.000814
0.000886
0.001340
0.001257
0.075030
0.005668
0.008307
0.015336
0.002814
0.002834
0.049738
0.043884
0.171827
0.051490
0.026003
0.054479
0.059117
0.004112
0.008874
0.016305
0.002412
0.006606
0.042596
0.036113
0.009070
0.018273
0.011399
0.010863
0.000794
0.001742
0.001391
0.001649
0.132848
0.011347
0.010945
0.004102
0.007678
0.007812
0.003875
0.002216
0.001855
0.003030
0.000072
0.000093
0.004576
0.052583
0.053315
0.010121
0.017964
0.011924
0.009162
0.001185
0.001051
0.001433
0.001608
0.082925
0.004792
0.008327
0.016305
0.003082
0.004174
0.063652
0.032867
0.069794
0.005091
0.002061
0.011739
0.011677
0.000453
0.001020
0.002154
0.000093
0.003442
0.030105
0.011038
0.000742
0.002309
0.003277
0.001123
0.000031
0.000278
0.000196
0.000134
0.223956
0.003267
0.002886
0.001020
0.001474
0.000979
0.000474
0.000258
0.000144
0.000371
0.000010
0.000010
0.000546
0.202941
0.082244
0.003236
0.003082
0.002886
0.000928
0.000165
0.000196
0.000186
0.000103
0.114462
0.004112
0.000907
0.002999
0.000855
0.000495
0.024374
0.070980
0.162489
0.011399
0.005277
0.022437
0.019417
0.001051
0.002061
0.005462
0.000484
0.004597
0.036495
0.014975
0.001999
0.005926
0.004762
0.002659
0.000124
0.000412
0.000526
0.000392
0.187028
0.004545
0.004700
0.001206
0.002999
0.002257
0.000866
0.000557
0.000392
0.001278
0.000031
0.000010
0.001000
0.124995
0.063239
0.004617
0.007874
0.005040
0.001824
0.000361
0.000155
0.000505
0.000247
0.097302
0.003968
0.002216
0.007297
0.001546
0.000907
0.038607
0.067949
0.224028
0.058468
0.037175
0.048831
0.059220
0.007750
0.011110
0.019685
0.004092
0.005205
0.035114
0.031269
0.011368
0.022045
0.009977
0.013141
0.002010
0.002803
0.002443
0.002546
0.119337
0.012491
0.013161
0.004071
0.007926
0.008152
0.003648
0.003751
0.003082
0.004947
0.000196
0.000175
0.003432
0.042287
0.046873
0.013027
0.022004
0.012697
0.007658
0.002236
0.001711
0.002041
0.002535
0.067073
0.008503
0.011388
0.018479
0.003751
0.004257
0.055283
0.042586
0.066991
0.056118
0.034372
0.050161
0.057736
0.007111
0.010760
0.018283
0.004133
0.006400
0.037402
0.032475
0.010925
0.021097
0.010409
0.012759
0.001886
0.002422
0.002113
0.002133
0.128891
0.012780
0.011904
0.003844
0.008018
0.008183
0.004226
0.003484
0.002814
0.004380
0.000258
0.000165
0.003669
0.043142
0.043256
0.011739
0.020881
0.012522
0.008946
0.001886
0.001989
0.002133
0.002556
0.064827
0.008245
0.010822
0.019829
0.003947
0.004700
0.056066
0.039319
0.071886
0.047089
0.023447
0.040050
0.036134
0.005091
0.008461
0.015645
0.002267
0.005833
0.024003
0.018706
0.008389
0.013099
0.009997
0.009657
0.001237
0.002288
0.002123
0.002401
0.069547
0.008348
0.009204
0.004215
0.005689
0.006039
0.003896
0.003143
0.002350
0.003782
0.000113
0.000206
0.003669
0.061879
0.032135
0.009832
0.013388
0.010657
0.008039
0.001752
0.001103
0.001814
0.001752
0.072453
0.006122
0.007802
0.014501
0.002587
0.004040
0.052191
0.044152
0.257678
0.061642
0.034392
0.053479
0.057272
0.006936
0.010409
0.019881
0.003113
0.007544
0.036701
0.035474
0.011090
0.020747
0.011605
0.011327
0.001556
0.002607
0.001742
0.001773
0.118440
0.013903
0.012563
0.004535
0.007338
0.007080
0.004731
0.002968
0.002989
0.004050
0.000155
0.000186
0.004030
0.044441
0.040813
0.011708
0.020695
0.011759
0.010327
0.001927
0.001814
0.001948
0.002030
0.063611
0.007555
0.010069
0.019747
0.003370
0.007689
0.061013
0.036371
0.070856
0.051449
0.024508
0.046729
0.050676
0.004978
0.008585
0.013460
0.002504
0.008214
0.030898
0.030290
0.009276
0.014305
0.011254
0.009059
0.001092
0.002082
0.001597
0.001711
0.103094
0.010523
0.010430
0.003999
0.006204
0.006091
0.005153
0.002350
0.002484
0.003061
0.000144
0.000165
0.003319
0.121068
0.037989
0.009430
0.013944
0.010131
0.009152
0.001381
0.001762
0.001505
0.001484
0.076401
0.006287
0.008575
0.014511
0.002752
0.007771
0.052809
0.042400
0.100961
0.053263
0.027982
0.052913
0.060003
0.005792
0.008946
0.016222
0.002453
0.006977
0.040359
0.039710
0.010080
0.018964
0.010956
0.010193
0.001433
0.001989
0.001567
0.001515
0.148802
0.011801
0.011677
0.003958
0.007225
0.006627
0.004164
0.002546
0.002144
0.003432
0.000093
0.000144
0.003813
0.050697
0.044461
0.010842
0.019695
0.011151
0.009502
0.001463
0.001463
0.001577
0.001350
0.067743
0.006194
0.008771
0.017212
0.003051
0.005689
0.061405
0.032939
0.067053
0.063013
0.032908
0.056994
0.055613
0.006112
0.010987
0.020468
0.003525
0.008822
0.032990
0.032671
0.010502
0.020025
0.012666
0.011316
0.001525
0.002824
0.001938
0.002257
0.105001
0.013017
0.012780
0.005091
0.006916
0.007451
0.004339
0.003401
0.002979
0.004473
0.000144
0.000155
0.004401
0.042400
0.039906
0.012326
0.019159
0.012378
0.010749
0.001608
0.001938
0.002082
0.002144
0.067465
0.006998
0.010502
0.019036
0.003360
0.007070
0.067197
0.037134
0.079245
0.046368
0.028280
0.042328
0.051130
0.005658
0.009049
0.016129
0.003102
0.005864
0.037628
0.029455
0.009142
0.017407
0.009636
0.011203
0.001453
0.001958
0.001865
0.001804
0.121934
0.009997
0.010358
0.003679
0.006792
0.007524
0.003566
0.002865
0.002834
0.003679
0.000196
0.000144
0.003803
0.059426
0.047945
0.010430
0.015058
0.010883
0.007585
0.001484
0.001865
0.001731
0.001886
0.070279
0.007256
0.008936
0.017129
0.003350
0.004143
0.048285
0.048264
0.127231
0.067949
0.039813
0.050779
0.053974
0.009595
0.012048
0.021550
0.004236
0.005833
0.029229
0.028373
0.013604
0.020468
0.011172
0.013604
0.002577
0.003453
0.002865
0.002906
0.084027
0.013790
0.013553
0.005102
0.008255
0.008317
0.005009
0.004504
0.004112
0.006081
0.000227
0.000258
0.004174
0.036041
0.038649
0.015325
0.022334
0.012955
0.010811
0.002607
0.002443
0.003020
0.002958
0.069176
0.010409
0.012213
0.021540
0.004535
0.004442
0.057396
0.045492
0.076215
0.052408
0.027198
0.055675
0.065167
0.004978
0.008719
0.015624
0.002535
0.007245
0.045502
0.039298
0.009039
0.018222
0.011110
0.010502
0.000958
0.001773
0.001443
0.001567
0.135116
0.011388
0.011079
0.004442
0.006967
0.007627
0.004390
0.002154
0.002185
0.003566
0.000134
0.000093
0.003793
0.051006
0.054211
0.010492
0.017500
0.010719
0.009317
0.001257
0.001505
0.001536
0.001484
0.070856
0.006019
0.009296
0.016964
0.002711
0.005772
0.059550
0.031218
0.066692
0.051851
0.026611
0.044946
0.038432
0.005163
0.009183
0.016707
0.002638
0.007926
0.026838
0.022128
0.008358
0.015666
0.010409
0.009410
0.001154
0.002391
0.002010
0.002010
0.083553
0.010615
0.009904
0.003628
0.006802
0.006606
0.003494
0.003257
0.002288
0.003679
0.000082
0.000103
0.003916
0.052799
0.034011
0.010090
0.016160
0.011399
0.008729
0.001546
0.001433
0.001876
0.001989
0.070031
0.006039
0.008194
0.015738
0.003009
0.004555
0.058231
0.044420
0.207992
0.051913
0.026992
0.052304
0.051367
0.004762
0.009389
0.017778
0.002072
0.006421
0.035536
0.028672
0.009647
0.017047
0.012532
0.010492
0.001165
0.002195
0.002133
0.002010
0.111896
0.010461
0.010141
0.004586
0.007534
0.007987
0.004421
0.003257
0.002546
0.004102
0.000082
0.000134
0.004823
0.053686
0.041926
0.011121
0.016686
0.013120
0.009801
0.001567
0.001309
0.002123
0.001608
0.080142
0.006163
0.008791
0.018902
0.002948
0.004184
0.066270
0.038546
0.104712
0.055695
0.035711
0.048409
0.064249
0.007926
0.010512
0.018768
0.003277
0.004813
0.042503
0.033124
0.012553
0.021581
0.010471
0.011512
0.002051
0.001938
0.002401
0.002432
0.105949
0.012429
0.012285
0.004865
0.007956
0.007967
0.004061
0.003700
0.003576
0.005174
0.000113
0.000186
0.004081
0.037804
0.040844
0.013079
0.019675
0.012574
0.010224
0.001938
0.002288
0.002432
0.002834
0.066836
0.008874
0.010863
0.020355
0.004318
0.004050
0.055499
0.043513
0.079730
0.054386
0.028786
0.048594
0.047131
0.005720
0.009575
0.016686
0.003061
0.007544
0.032485
0.027477
0.009709
0.017108
0.009430
0.010306
0.001391
0.002175
0.001731
0.002041
0.112359
0.011244
0.010956
0.003751
0.007410
0.006905
0.003205
0.002865
0.002618
0.003793
0.000144
0.000113
0.003710
0.053552
0.041215
0.010832
0.020705
0.011739
0.008472
0.001391
0.001525
0.001731
0.001917
0.070310
0.007029
0.009873
0.017418
0.003504
0.005163
0.055201
0.049099
0.124912
0.054737
0.031888
0.047461
0.055407
0.006534
0.009564
0.017603
0.003422
0.005823
0.037979
0.031826
0.010708
0.017830
0.010605
0.011564
0.002082
0.002443
0.002072
0.002288
0.108732
0.011729
0.012295
0.003803
0.006998
0.007513
0.004597
0.003710
0.003185
0.004102
0.000144
0.000206
0.003721
0.055561
0.041710
0.012285
0.017490
0.012151
0.009142
0.002092
0.002092
0.002123
0.002298
0.068908
0.007730
0.009791
0.016913
0.003257
0.004566
0.055932
0.041534
0.101857
0.054087
0.028147
0.054129
0.057643
0.005833
0.009595
0.016500
0.002577
0.008894
0.038793
0.035897
0.010657
0.017242
0.011306
0.010389
0.001628
0.002102
0.001731
0.001835
0.126190
0.011997
0.011852
0.004257
0.006266
0.006730
0.004772
0.003030
0.002752
0.003690
0.000155
0.000062
0.003793
0.055273
0.042390
0.011224
0.017181
0.010595
0.010337
0.001731
0.001917
0.001793
0.001814
0.067012
0.007482
0.009843
0.018613
0.003370
0.006648
0.061261
0.037927
0.079060
0.060962
0.028291
0.055644
0.044905
0.006132
0.009894
0.018953
0.002546
0.009513
0.027003
0.029445
0.009812
0.017510
0.012491
0.010389
0.001216
0.002638
0.002226
0.002247
0.097529
0.010894
0.011955
0.004751
0.007019
0.006617
0.004473
0.003411
0.002906
0.004287
0.000134
0.000134
0.004030
0.056314
0.033052
0.011636
0.018634
0.010873
0.010286
0.001927
0.001639
0.002020
0.001865
0.066795
0.007276
0.008802
0.018644
0.003061
0.006854
0.065321
0.039195
0.125850
0.041081
0.022767
0.037968
0.038309
0.005246
0.006782
0.013141
0.002484
0.005720
0.027951
0.023540
0.007493
0.012996
0.009368
0.008255
0.001226
0.001804
0.001391
0.001969
0.102218
0.009142
0.009379
0.003226
0.005308
0.005318
0.003040
0.002741
0.002010
0.002927
0.000103
0.000144
0.003092
0.103723
0.036010
0.009420
0.013687
0.009884
0.006545
0.001587
0.001216
0.001701
0.001824
0.078039
0.007039
0.006751
0.012543
0.002638
0.004030
0.048563
0.053861
0.182803
0.053665
0.029053
0.051119
0.056973
0.005802
0.010337
0.017799
0.002948
0.007204
0.040050
0.038896
0.009193
0.019664
0.010080
0.010358
0.001185
0.002030
0.001371
0.001443
0.150688
0.011739
0.011492
0.004050
0.006895
0.007142
0.003576
0.002247
0.001927
0.002979
0.000113
0.000093
0.003329
0.049656
0.053686
0.010512
0.019798
0.010729
0.009142
0.001618
0.001360
0.001453
0.001196
0.076916
0.006390
0.009162
0.015851
0.002948
0.004545
0.057118
0.034351
0.058128
0.007678
0.003267
0.017861
0.019252
0.000330
0.001567
0.003947
0.000155
0.004040
0.041978
0.014893
0.001113
0.004762
0.004597
0.002164
0.000010
0.000216
0.000186
0.000216
0.207353
0.004123
0.004071
0.001474
0.003030
0.002566
0.000587
0.000309
0.000124
0.000526
0.000000
0.000010
0.000866
0.136641
0.089912
0.003834
0.005060
0.005040
0.001381
0.000144
0.000021
0.000216
0.000052
0.117337
0.003226
0.001288
0.004370
0.001381
0.000618
0.031568
0.066857
0.177784
0.006678
0.003597
0.014614
0.018201
0.000608
0.001340
0.003185
0.000268
0.002752
0.042070
0.018428
0.001577
0.004102
0.003030
0.001938
0.000062
0.000247
0.000289
0.000155
0.266201
0.003535
0.003082
0.001000
0.002628
0.002113
0.000732
0.000268
0.000072
0.000515
0.000010
0.000031
0.000691
0.148576
0.087037
0.003556
0.005370
0.003556
0.001144
0.000134
0.000062
0.000289
0.000124
0.098879
0.002989
0.001185
0.004421
0.000989
0.000577
0.025374
0.056509
0.155213
0.010760
0.005473
0.020540
0.024096
0.000948
0.002030
0.004875
0.000433
0.002948
0.044812
0.018603
0.001711
0.006225
0.004133
0.002783
0.000124
0.000392
0.000392
0.000309
0.238344
0.004452
0.004267
0.001051
0.003401
0.002896
0.000969
0.000350
0.000227
0.000732
0.000000
0.000031
0.001175
0.149812
0.087645
0.004442
0.006400
0.005308
0.001927
0.000237
0.000186
0.000515
0.000175
0.108082
0.003216
0.001969
0.005906
0.001402
0.000814
0.034134
0.055273
0.123078
0.014449
0.006709
0.022849
0.026477
0.001247
0.002865
0.005720
0.000587
0.004009
0.046492
0.019551
0.002360
0.006967
0.005411
0.003545
0.000206
0.000402
0.000608
0.000371
0.206064
0.005431
0.005071
0.001608
0.003958
0.003020
0.001134
0.000732
0.000350
0.001062
0.000031
0.000031
0.001567
0.114060
0.072567
0.005720
0.008369
0.007132
0.002546
0.000412
0.000278
0.000701
0.000361
0.104279
0.004195
0.002814
0.007647
0.002195
0.001082
0.039154
0.061797
0.163808
0.034609
0.017603
0.041246
0.050996
0.002525
0.006143
0.012429
0.001979
0.005102
0.053211
0.035464
0.005792
0.017057
0.007668
0.008894
0.000505
0.000660
0.000917
0.000825
0.202004
0.007668
0.007895
0.003051
0.006977
0.008204
0.002587
0.001247
0.001123
0.002092
0.000052
0.000041
0.003370
0.064538
0.068825
0.007019
0.014656
0.009987
0.005596
0.000660
0.000701
0.000845
0.000989
0.079771
0.003927
0.006173
0.012172
0.002102
0.002288
0.048656
0.032300
0.088861
0.037855
0.021581
0.037061
0.044018
0.005143
0.006885
0.011296
0.001865
0.004803
0.035753
0.031053
0.007163
0.013223
0.007761
0.007307
0.001000
0.001597
0.001402
0.000938
0.119625
0.008894
0.009657
0.003143
0.005184
0.004442
0.002731
0.001783
0.001577
0.002700
0.000093
0.000082
0.002515
0.075525
0.042112
0.008966
0.013161
0.007926
0.006184
0.001072
0.001278
0.001360
0.001123
0.069732
0.006328
0.007194
0.012584
0.002288
0.003978
0.044637
0.042483
0.211939
0.013676
0.006720
0.024333
0.030208
0.000732
0.002886
0.004916
0.000505
0.003700
0.052717
0.024076
0.002432
0.008400
0.004844
0.003916
0.000113
0.000392
0.000216
0.000258
0.247228
0.004895
0.005411
0.001319
0.004318
0.004277
0.001154
0.000443
0.000309
0.000752
0.000000
0.000000
0.001567
0.117327
0.083656
0.004483
0.009441
0.006977
0.002381
0.000247
0.000103
0.000423
0.000155
0.101909
0.003216
0.002546
0.006472
0.001896
0.001051
0.040164
0.050089
0.110752
0.059766
0.032743
0.050604
0.056530
0.006833
0.010110
0.018541
0.003051
0.006277
0.036866
0.033629
0.010925
0.018376
0.012770
0.011749
0.001525
0.002546
0.002556
0.002061
0.113431
0.012172
0.012398
0.005390
0.007410
0.007462
0.004298
0.003896
0.002875
0.004360
0.000196
0.000227
0.004710
0.046657
0.047935
0.013264
0.017943
0.012048
0.010615
0.001896
0.001721
0.002123
0.002247
0.076535
0.007822
0.010348
0.016500
0.003030
0.004514
0.060416
0.037690
0.070413
0.009204
0.004968
0.018026
0.021520
0.000979
0.001845
0.004298
0.000330
0.003040
0.043276
0.020994
0.001742
0.005163
0.003762
0.002278
0.000175
0.000268
0.000423
0.000227
0.280476
0.003782
0.003751
0.001381
0.002453
0.002206
0.000763
0.000319
0.000247
0.000845
0.000010
0.000021
0.001092
0.160407
0.089675
0.003782
0.006596
0.003751
0.001690
0.000309
0.000134
0.000474
0.000196
0.083316
0.003102
0.001628
0.005442
0.001237
0.000783
0.028219
0.037195
0.132199
0.008863
0.003803
0.014686
0.014058
0.000629
0.001639
0.004112
0.000237
0.004133
0.031135
0.009915
0.001299
0.003813
0.004061
0.001804
0.000144
0.000299
0.000423
0.000227
0.139836
0.003535
0.003721
0.001185
0.002772
0.001999
0.000587
0.000464
0.000227
0.000845
0.000021
0.000031
0.000835
0.133951
0.058993
0.003731
0.005514
0.004401
0.001257
0.000258
0.000144
0.000423
0.000268
0.120244
0.004112
0.001731
0.005339
0.001680
0.000660
0.030311
0.093674
0.271973
0.016119
0.009801
0.021994
0.025539
0.001577
0.002845
0.006720
0.000907
0.003525
0.038917
0.017335
0.003246
0.008307
0.004421
0.003834
0.000309
0.000515
0.000876
0.000608
0.179319
0.004823
0.005019
0.001474
0.004009
0.003411
0.001247
0.000773
0.000783
0.001618
0.000041
0.000062
0.001391
0.105619
0.057891
0.005730
0.009605
0.005875
0.002453
0.000423
0.000227
0.000989
0.000536
0.090788
0.004916
0.003607
0.009255
0.001969
0.001144
0.034969
0.063786
0.228851
0.012347
0.006194
0.021901
0.032310
0.000814
0.002443
0.004123
0.000392
0.003607
0.055015
0.028950
0.002257
0.006720
0.004576
0.003298
0.000165
0.000258
0.000299
0.000165
0.248269
0.004689
0.004638
0.001670
0.003257
0.002680
0.001206
0.000381
0.000299
0.000794
0.000000
0.000010
0.001412
0.103640
0.078843
0.004370
0.007359
0.004957
0.002216
0.000144
0.000155
0.000392
0.000216
0.079812
0.002350
0.002453
0.005380
0.001402
0.001051
0.031465
0.036227
0.182432
0.011481
0.006503
0.014635
0.015161
0.001309
0.001979
0.005493
0.000701
0.002793
0.031558
0.012048
0.002030
0.004823
0.003525
0.002793
0.000381
0.000361
0.000721
0.000618
0.206765
0.003731
0.003638
0.001103
0.002638
0.001948
0.000649
0.000866
0.000587
0.001381
0.000021
0.000031
0.001041
0.158387
0.079575
0.004298
0.005792
0.004287
0.001721
0.000433
0.000278
0.000876
0.000587
0.101754
0.004689
0.002350
0.006411
0.001711
0.000835
0.026765
0.067238
0.188698
0.058756
0.028961
0.058736
0.047698
0.006359
0.009925
0.018737
0.002968
0.013512
0.029291
0.032733
0.010296
0.017861
0.012666
0.010152
0.001402
0.002381
0.002216
0.002267
0.118368
0.011254
0.011708
0.004968
0.006452
0.006400
0.004823
0.003267
0.002886
0.004184
0.000186
0.000258
0.004401
0.059663
0.033568
0.011048
0.017253
0.011131
0.010646
0.001896
0.001917
0.001938
0.002144
0.063765
0.007555
0.009688
0.018191
0.003587
0.007627
0.069815
0.036526
0.085975
0.069908
0.042142
0.049336
0.057004
0.008843
0.012862
0.022014
0.005462
0.004710
0.030167
0.024137
0.013244
0.021499
0.011533
0.016500
0.002401
0.003040
0.003009
0.004133
0.077514
0.012893
0.013646
0.004401
0.009502
0.010049
0.004195
0.005328
0.004123
0.006400
0.000134
0.000268
0.005246
0.030496
0.040514
0.014470
0.022148
0.016820
0.010358
0.002999
0.002206
0.002587
0.003257
0.070237
0.009183
0.012924
0.020540
0.005246
0.003700
0.054922
0.044894
0.076854
