0.44566,0.55434
0.32471,0.67529
0.3222,0.6778
0.46833,0.53167
0.42638,0.57362
0.37868,0.62132
0.55084,0.44916
0.45406,0.54594
0.65597,0.34403
0.27561,0.72439
0.60333,0.39667
0.5445,0.4555
0.27505,0.72495
0.21828,0.78172
0.41619,0.58381
0.81953,0.18047
0.45214,0.54786
0.75257,0.24743
0.59653,0.40347
0.61728,0.38272
0.54124,0.45876
0.76579,0.23421
0.40147,0.59853
0.54987,0.45013
0.59587,0.40413
0.51692,0.48308
0.4789,0.5211
0.45808,0.54192
0.28948,0.71052
0.40991,0.59009
0.41001,0.58999
0.51387,0.48613
0.22907,0.77093
0.57117,0.42883
0.24659,0.75341
0.63588,0.36412
0.77994,0.22006
0.50087,0.49913
0.4137,0.5863
0.47326,0.52674
0.36589,0.63411
0.20994,0.79006
0.35422,0.64578
0.54757,0.45243
0.25375,0.74625
0.25476,0.74524
0.356,0.644
0.45478,0.54522
0.45835,0.54165
0.49777,0.50223
0.63716,0.36284
0.51146,0.48854
0.39493,0.60507
0.21107,0.78893
0.48141,0.51859
0.71596,0.28404
0.4744,0.5256
0.78727,0.21273
0.52606,0.47394
0.508,0.492
0.46418,0.53582
0.48294,0.51706
0.59294,0.40706
0.78396,0.21604
0.56384,0.43616
0.60349,0.39651
0.6203,0.3797
0.19833,0.80167
0.38931,0.61069
0.37898,0.62102
0.47053,0.52947
0.71456,0.28544
0.30603,0.69397
0.21102,0.78898
0.49852,0.50148
0.45772,0.54228
0.45475,0.54525
0.56693,0.43307
0.56487,0.43513
0.75908,0.24092
0.76325,0.23675
0.50005,0.49995
0.40349,0.59651
0.52141,0.47859
0.43453,0.56547
0.57666,0.42334
0.4638,0.5362
0.49837,0.50163
0.49273,0.50727
0.75589,0.24411
0.52689,0.47311
0.38586,0.61414
0.15977,0.84023
0.64883,0.35117
0.64354,0.35646
0.5274,0.4726
0.35177,0.64823
0.60215,0.39785
0.46086,0.53914
0.83043,0.16957
0.24358,0.75642
0.6763,0.3237
0.33866,0.66134
0.69933,0.30067
0.41571,0.58429
0.70686,0.29314
0.63314,0.36686
0.53466,0.46534
0.2203,0.7797
0.67717,0.32283
0.51136,0.48864
0.48858,0.51142
0.40638,0.59362
0.44455,0.55545
0.42224,0.57776
0.33274,0.66726
0.50195,0.49805
0.77889,0.22111
0.45401,0.54599
0.64158,0.35842
0.35028,0.64972
0.59057,0.40943
0.51818,0.48182
0.57639,0.42361
0.22123,0.77877
0.59268,0.40732
0.79963,0.20037
0.55656,0.44344
0.73949,0.26051
0.69199,0.30801
0.71818,0.28182
0.53114,0.46886
0.48721,0.51279
0.65256,0.34744
0.17185,0.82815
0.61929,0.38071
0.45737,0.54263
0.52537,0.47463
0.7043,0.2957
0.83502,0.16498
0.44,0.56
0.64833,0.35167
0.39986,0.60014
0.59375,0.40625
0.58295,0.41705
0.49245,0.50755
0.3881,0.6119
0.50667,0.49333
0.47376,0.52624
0.33024,0.66976
0.65416,0.34584
0.64335,0.35665
0.63527,0.36473
0.5819,0.4181
0.44119,0.55881
0.5743,0.4257
0.36035,0.63965
0.47033,0.52967
0.26571,0.73429
0.45003,0.54997
0.49653,0.50347
0.58491,0.41509
0.77044,0.22956
0.6652,0.3348
0.3673,0.6327
0.53685,0.46315
0.51184,0.48816
0.51015,0.48985
0.61789,0.38211
0.41209,0.58791
0.28863,0.71137
0.40141,0.59859
0.64578,0.35422
0.63855,0.36145
0.68325,0.31675
0.65282,0.34718
0.67826,0.32174
0.76301,0.23699
0.21761,0.78239
0.8243,0.1757
0.47576,0.52424
0.30078,0.69922
0.42041,0.57959
0.32164,0.67836
0.74471,0.25529
0.57774,0.42226
0.47565,0.52435
0.51147,0.48853
0.48282,0.51718
0.76562,0.23438
0.67745,0.32255
0.59964,0.40036
0.53635,0.46365
0.3168,0.6832
0.54467,0.45533
0.41658,0.58342
0.45642,0.54358
0.35576,0.64424
0.3873,0.6127
0.39459,0.60541
0.7897,0.2103
0.42971,0.57029
0.51679,0.48321
0.38584,0.61416
0.42377,0.57623
0.37485,0.62515
0.35647,0.64353
0.47858,0.52142
0.47523,0.52477
0.63546,0.36454
0.67022,0.32978
0.32923,0.67077
0.46746,0.53254
0.43838,0.56162
0.474,0.526
0.70753,0.29247
0.71024,0.28976
0.61956,0.38044
0.71122,0.28878
0.69369,0.30631
0.18612,0.81388
0.57348,0.42652
0.5889,0.4111
0.56293,0.43707
0.56175,0.43825
0.25057,0.74943
0.44701,0.55299
0.4299,0.5701
0.61305,0.38695
0.59335,0.40665
0.19786,0.80214
0.57916,0.42084
0.55552,0.44448
0.42145,0.57855
0.74703,0.25297
0.60733,0.39267
0.4068,0.5932
0.44795,0.55205
0.46778,0.53222
0.47999,0.52001
0.49478,0.50522
0.43552,0.56448
0.66238,0.33762
0.48215,0.51785
0.45359,0.54641
0.16119,0.83881
0.60517,0.39483
0.74551,0.25449
0.34002,0.65998
0.71968,0.28032
0.55883,0.44117
0.35852,0.64148
0.23273,0.76727
0.48263,0.51737
0.17229,0.82771
0.63621,0.36379
0.34764,0.65236
0.51352,0.48648
0.19992,0.80008
0.60568,0.39432
0.54446,0.45554
0.5683,0.4317
0.39124,0.60876
0.40255,0.59745
0.71814,0.28186
0.35232,0.64768
0.25749,0.74251
0.54679,0.45321
0.43239,0.56761
0.45228,0.54772
0.45801,0.54199
0.19897,0.80103
0.45996,0.54004
0.6422,0.3578
0.65647,0.34353
0.41773,0.58227
0.46166,0.53834
0.4803,0.5197
0.39474,0.60526
0.15718,0.84282
0.50505,0.49495
0.35935,0.64065
0.48997,0.51003
0.38306,0.61694
0.40982,0.59018
0.44509,0.55491
0.38105,0.61895
0.28073,0.71927
0.56058,0.43942
0.67001,0.32999
0.59552,0.40448
0.63299,0.36701
0.77008,0.22992
0.24292,0.75708
0.68615,0.31385
0.74665,0.25335
0.37173,0.62827
0.56033,0.43967
0.24199,0.75801
0.61542,0.38458
0.36972,0.63028
0.36641,0.63359
0.70876,0.29124
0.48939,0.51061
0.24125,0.75875
0.39447,0.60553
0.2952,0.7048
0.3502,0.6498
0.35734,0.64266
0.31695,0.68305
0.42236,0.57764
0.60732,0.39268
0.53516,0.46484
0.61876,0.38124
0.46477,0.53523
0.6287,0.3713
0.1726,0.8274
0.42069,0.57931
0.47291,0.52709
0.16473,0.83527
0.47071,0.52929
0.5128,0.4872
0.42366,0.57634
0.33299,0.66701
0.22595,0.77405
0.74896,0.25104
0.58436,0.41564
0.34784,0.65216
0.62852,0.37148
0.50981,0.49019
0.54303,0.45697
0.45093,0.54907
0.70938,0.29062
0.43384,0.56616
0.38257,0.61743
0.62216,0.37784
0.68464,0.31536
0.19392,0.80608
0.18298,0.81702
0.33464,0.66536
0.56808,0.43192
0.37081,0.62919
0.59568,0.40432
0.44994,0.55006
0.33155,0.66845
0.65423,0.34577
0.23733,0.76267
0.79392,0.20608
0.34281,0.65719
0.64017,0.35983
0.26084,0.73916
0.55553,0.44447
0.51994,0.48006
0.38228,0.61772
0.67433,0.32567
0.5198,0.4802
0.40488,0.59512
0.23467,0.76533
0.76678,0.23322
0.74329,0.25671
0.37145,0.62855
0.59506,0.40494
0.57745,0.42255
0.65702,0.34298
0.42948,0.57052
0.47979,0.52021
0.37233,0.62767
0.45093,0.54907
0.39511,0.60489
0.23121,0.76879
0.73526,0.26474
0.54523,0.45477
0.24683,0.75317
0.36048,0.63952
0.55965,0.44035
0.42857,0.57143
0.46612,0.53388
0.56097,0.43903
0.70257,0.29743
0.64289,0.35711
0.58402,0.41598
0.81495,0.18505
0.49173,0.50827
0.41024,0.58976
0.47751,0.52249
0.40602,0.59398
0.53572,0.46428
0.4786,0.5214
0.6471,0.3529
0.35532,0.64468
0.44983,0.55017
0.39283,0.60717
0.66484,0.33516
0.48644,0.51356
0.64264,0.35736
0.62402,0.37598
0.23667,0.76333
0.56282,0.43718
0.55219,0.44781
0.42769,0.57231
0.32874,0.67126
0.25844,0.74156
0.56041,0.43959
0.39489,0.60511
0.49988,0.50012
0.48806,0.51194
0.22076,0.77924
0.78653,0.21347
0.40105,0.59895
0.73231,0.26769
0.24818,0.75182
0.51562,0.48438
0.6543,0.3457
0.45933,0.54067
0.21473,0.78527
0.46506,0.53494
0.54999,0.45001
0.23963,0.76037
0.49823,0.50177
0.42133,0.57867
0.22514,0.77486
0.69238,0.30762
0.41899,0.58101
0.5833,0.4167
0.55571,0.44429
0.36574,0.63426
0.59423,0.40577
0.26584,0.73416
0.31473,0.68527
0.57359,0.42641
0.62306,0.37694
0.54245,0.45755
0.35727,0.64273
0.36917,0.63083
0.21242,0.78758
0.30202,0.69798
0.75476,0.24524
0.58182,0.41818
0.70551,0.29449
0.44174,0.55826
0.82798,0.17202
0.58702,0.41298
0.47426,0.52574
0.42276,0.57724
0.68833,0.31167
0.39529,0.60471
0.43008,0.56992
0.65556,0.34444
0.5654,0.4346
0.4734,0.5266
0.43206,0.56794
0.3936,0.6064
0.47488,0.52512
0.30453,0.69547
0.36102,0.63898
0.38095,0.61905
0.43241,0.56759
0.57332,0.42668
0.28434,0.71566
0.57581,0.42419
0.7316,0.2684
0.56371,0.43629
0.58152,0.41848
0.61243,0.38757
0.55505,0.44495
0.41918,0.58082
0.52053,0.47947
0.49457,0.50543
0.62514,0.37486
0.4909,0.5091
0.50977,0.49023
0.65176,0.34824
0.58264,0.41736
0.37536,0.62464
0.1699,0.8301
0.51317,0.48683
0.43416,0.56584
0.40022,0.59978
0.71473,0.28527
0.6482,0.3518
0.5315,0.4685
0.60744,0.39256
0.51002,0.48998
0.46865,0.53135
0.50597,0.49403
0.62716,0.37284
0.24979,0.75021
0.67908,0.32092
0.83764,0.16236
0.44903,0.55097
0.55147,0.44853
0.64483,0.35517
0.41401,0.58599
0.21212,0.78788
0.37478,0.62522
0.6754,0.3246
0.58884,0.41116
0.55894,0.44106
0.79574,0.20426
0.33627,0.66373
0.40291,0.59709
0.42647,0.57353
0.25794,0.74206
0.68333,0.31667
0.55331,0.44669
0.51864,0.48136
0.57166,0.42834
0.6515,0.3485
0.2218,0.7782
0.50789,0.49211
0.51221,0.48779
0.22595,0.77405
0.49958,0.50042
0.48528,0.51472
0.36724,0.63276
0.52721,0.47279
0.51865,0.48135
0.70865,0.29135
0.37496,0.62504
0.67675,0.32325
0.68909,0.31091
0.82641,0.17359
0.58463,0.41537
0.43245,0.56755
0.44473,0.55527
0.39739,0.60261
0.63065,0.36935
0.56085,0.43915
0.69742,0.30258
0.4987,0.5013
0.63081,0.36919
0.22025,0.77975
0.34597,0.65403
0.45756,0.54244
0.62093,0.37907
0.55116,0.44884
0.42763,0.57237
0.63496,0.36504
0.61261,0.38739
0.39639,0.60361
0.56969,0.43031
0.6078,0.3922
0.55857,0.44143
0.5598,0.4402
0.40185,0.59815
0.74607,0.25393
0.58197,0.41803
0.60079,0.39921
0.71289,0.28711
0.37583,0.62417
0.63187,0.36813
0.65324,0.34676
0.59171,0.40829
0.59377,0.40623
0.68933,0.31067
0.39026,0.60974
0.43138,0.56862
0.32891,0.67109
0.39605,0.60395
0.48391,0.51609
0.51108,0.48892
0.78839,0.21161
0.2044,0.7956
0.57999,0.42001
0.29867,0.70133
0.60909,0.39091
0.29117,0.70883
0.53048,0.46952
0.54158,0.45842
0.60361,0.39639
0.34258,0.65742
0.65323,0.34677
0.54766,0.45234
0.32616,0.67384
0.76537,0.23463
0.5136,0.4864
0.45614,0.54386
0.4752,0.5248
0.477,0.523
0.40183,0.59817
0.43973,0.56027
0.47223,0.52777
0.42359,0.57641
0.43817,0.56183
0.42624,0.57376
0.38719,0.61281
0.54075,0.45925
0.26926,0.73074
0.47888,0.52112
0.56205,0.43795
0.53221,0.46779
0.3356,0.6644
0.77953,0.22047
0.4476,0.5524
0.45187,0.54813
0.50647,0.49353
0.41308,0.58692
0.3718,0.6282
0.44802,0.55198
0.24117,0.75883
0.55506,0.44494
0.55474,0.44526
0.44216,0.55784
0.51538,0.48462
0.54784,0.45216
0.52324,0.47676
0.53037,0.46963
0.36268,0.63732
0.66941,0.33059
0.45446,0.54554
0.21753,0.78247
0.46432,0.53568
0.56699,0.43301
0.66588,0.33412
0.71035,0.28965
0.50357,0.49643
0.52599,0.47401
0.44354,0.55646
0.2588,0.7412
0.48919,0.51081
0.41757,0.58243
0.47967,0.52033
0.30004,0.69996
0.44406,0.55594
0.35427,0.64573
0.65221,0.34779
0.4837,0.5163
0.27367,0.72633
0.61873,0.38127
0.81678,0.18322
0.38234,0.61766
0.27392,0.72608
0.632,0.368
0.44359,0.55641
0.65643,0.34357
0.77518,0.22482
0.35283,0.64717
0.6194,0.3806
0.57176,0.42824
0.32992,0.67008
0.54288,0.45712
0.77604,0.22396
0.31046,0.68954
0.31633,0.68367
0.77265,0.22735
0.16191,0.83809
0.53208,0.46792
0.57423,0.42577
0.29834,0.70166
0.2969,0.7031
0.52545,0.47455
0.62207,0.37793
0.46021,0.53979
0.78453,0.21547
0.62415,0.37585
0.70118,0.29882
0.30467,0.69533
0.50017,0.49983
0.59664,0.40336
0.48586,0.51414
0.50336,0.49664
0.71327,0.28673
0.31037,0.68963
0.42093,0.57907
0.37197,0.62803
0.74526,0.25474
0.39965,0.60035
0.41201,0.58799
0.28074,0.71926
0.34381,0.65619
0.30259,0.69741
0.64242,0.35758
0.23197,0.76803
0.23316,0.76684
0.46827,0.53173
0.33966,0.66034
0.52548,0.47452
0.74184,0.25816
0.51724,0.48276
0.44447,0.55553
0.32732,0.67268
0.24625,0.75375
0.61862,0.38138
0.53227,0.46773
0.627,0.373
0.70725,0.29275
0.6895,0.3105
0.54159,0.45841
0.48287,0.51713
0.50724,0.49276
0.39839,0.60161
0.52254,0.47746
0.6204,0.3796
0.68937,0.31063
0.74651,0.25349
0.41763,0.58237
0.27704,0.72296
0.36293,0.63707
0.19115,0.80885
0.4769,0.5231
0.50792,0.49208
0.59471,0.40529
0.60942,0.39058
0.7105,0.2895
0.67222,0.32778
0.30477,0.69523
0.36043,0.63957
0.21921,0.78079
0.48582,0.51418
0.41976,0.58024
0.21358,0.78642
0.42752,0.57248
0.53953,0.46047
0.37973,0.62027
0.44434,0.55566
0.23384,0.76616
0.41075,0.58925
0.64751,0.35249
0.3135,0.6865
0.55785,0.44215
0.5909,0.4091
0.4168,0.5832
0.64562,0.35438
0.70248,0.29752
0.47034,0.52966
0.48091,0.51909
0.61112,0.38888
0.64345,0.35655
0.47343,0.52657
0.51485,0.48515
0.45316,0.54684
0.29549,0.70451
0.40383,0.59617
0.57561,0.42439
0.22471,0.77529
0.37724,0.62276
0.57469,0.42531
0.43569,0.56431
0.30959,0.69041
0.55396,0.44604
0.46173,0.53827
0.35702,0.64298
0.40138,0.59862
0.74356,0.25644
0.54386,0.45614
0.66277,0.33723
0.40553,0.59447
0.49123,0.50877
0.18795,0.81205
0.71314,0.28686
0.54097,0.45903
0.32898,0.67102
0.54712,0.45288
0.71044,0.28956
0.56796,0.43204
0.57651,0.42349
0.65261,0.34739
0.55421,0.44579
0.61394,0.38606
0.67135,0.32865
0.46374,0.53626
0.57503,0.42497
0.51686,0.48314
0.4024,0.5976
0.49977,0.50023
0.52702,0.47298
0.58673,0.41327
0.65034,0.34966
0.36475,0.63525
0.61687,0.38313
0.56389,0.43611
0.62165,0.37835
0.52678,0.47322
0.66473,0.33527
0.18675,0.81325
0.2548,0.7452
0.68026,0.31974
0.27729,0.72271
0.44109,0.55891
0.80689,0.19311
0.37186,0.62814
0.36424,0.63576
0.25553,0.74447
0.20261,0.79739
0.69032,0.30968
0.49015,0.50985
0.4299,0.5701
0.54868,0.45132
0.40128,0.59872
0.70067,0.29933
0.40867,0.59133
0.7022,0.2978
0.51521,0.48479
0.41778,0.58222
0.47548,0.52452
0.42899,0.57101
0.56853,0.43147
0.51309,0.48691
0.25285,0.74715
0.80482,0.19518
0.29983,0.70017
0.39886,0.60114
0.4132,0.5868
0.54918,0.45082
0.51291,0.48709
0.60224,0.39776
0.45075,0.54925
0.64028,0.35972
0.42179,0.57821
0.64116,0.35884
0.68794,0.31206
0.36786,0.63214
0.72514,0.27486
0.46539,0.53461
0.64522,0.35478
0.60673,0.39327
0.67279,0.32721
0.41067,0.58933
0.54136,0.45864
0.51873,0.48127
0.24694,0.75306
0.45544,0.54456
0.38516,0.61484
0.78729,0.21271
0.5052,0.4948
0.2404,0.7596
0.54454,0.45546
0.33529,0.66471
0.37387,0.62613
0.2177,0.7823
0.57139,0.42861
0.31033,0.68967
0.70821,0.29179
0.60049,0.39951
0.41028,0.58972
0.39967,0.60033
0.59375,0.40625
0.60956,0.39044
0.54192,0.45808
0.70892,0.29108
0.27224,0.72776
0.45132,0.54868
0.72808,0.27192
0.41224,0.58776
0.56904,0.43096
0.67949,0.32051
0.45649,0.54351
0.24657,0.75343
0.34962,0.65038
0.35845,0.64155
0.76309,0.23691
0.43269,0.56731
0.45971,0.54029
0.30014,0.69986
0.48576,0.51424
0.46247,0.53753
0.42663,0.57337
0.62664,0.37336
0.393,0.607
0.16262,0.83738
0.50656,0.49344
0.26314,0.73686
0.32892,0.67108
0.17241,0.82759
0.60692,0.39308
0.45727,0.54273
0.66077,0.33923
0.70957,0.29043
0.54095,0.45905
0.64988,0.35012
0.40965,0.59035
0.24332,0.75668
0.777,0.223
0.43386,0.56614
0.47206,0.52794
0.46708,0.53292
0.66165,0.33835
0.20394,0.79606
0.62643,0.37357
0.45995,0.54005
0.57054,0.42946
0.72505,0.27495
0.44345,0.55655
0.53566,0.46434
0.55809,0.44191
0.67477,0.32523
0.56698,0.43302
0.47384,0.52616
0.8251,0.1749
0.42286,0.57714
0.30066,0.69934
0.33144,0.66856
0.65802,0.34198
0.54457,0.45543
0.36832,0.63168
0.74212,0.25788
0.37112,0.62888
0.52585,0.47415
0.65502,0.34498
0.49143,0.50857
0.46741,0.53259
0.36707,0.63293
0.55197,0.44803
0.82215,0.17785
0.73459,0.26541
0.34962,0.65038
0.4342,0.5658
0.55349,0.44651
0.48308,0.51692
0.5484,0.4516
0.74634,0.25366
0.46189,0.53811
0.44511,0.55489
0.3847,0.6153
0.5249,0.4751
0.35009,0.64991
0.48656,0.51344
0.32365,0.67635
0.48103,0.51897
0.35304,0.64696
0.60329,0.39671
0.46419,0.53581
0.72139,0.27861
0.48914,0.51086
0.40645,0.59355
0.68222,0.31778
0.54434,0.45566
0.75897,0.24103
0.50588,0.49412
0.51508,0.48492
0.22052,0.77948
0.64679,0.35321
0.58528,0.41472
0.46424,0.53576
0.32901,0.67099
0.51365,0.48635
0.31056,0.68944
0.7023,0.2977
0.55176,0.44824
0.78142,0.21858
0.54018,0.45982
0.72981,0.27019
0.23703,0.76297
0.42669,0.57331
0.44042,0.55958
0.56678,0.43322
0.58254,0.41746
0.47509,0.52491
0.69702,0.30298
0.74547,0.25453
0.5571,0.4429
0.5457,0.4543
0.45789,0.54211
0.41919,0.58081
0.65666,0.34334
0.45664,0.54336
0.32476,0.67524
0.6653,0.3347
0.45125,0.54875
0.60898,0.39102
0.53383,0.46617
0.48444,0.51556
0.18452,0.81548
0.56394,0.43606
0.49414,0.50586
0.70164,0.29836
0.43353,0.56647
0.53622,0.46378
0.71466,0.28534
0.4995,0.5005
0.4794,0.5206
0.51244,0.48756
0.47566,0.52434
0.69053,0.30947
0.30538,0.69462
0.66031,0.33969
0.49828,0.50172
0.45282,0.54718
0.23131,0.76869
0.67114,0.32886
0.46682,0.53318
0.31309,0.68691
0.75665,0.24335
0.55055,0.44945
0.55998,0.44002
0.1949,0.8051
0.55569,0.44431
0.53072,0.46928
0.65755,0.34245
0.53155,0.46845
0.61926,0.38074
0.27356,0.72644
0.48161,0.51839
0.48048,0.51952
0.30807,0.69193
0.22884,0.77116
0.45054,0.54946
0.66337,0.33663
0.6963,0.3037
0.52061,0.47939
0.47122,0.52878
0.64808,0.35192
0.5938,0.4062
0.2397,0.7603
0.37677,0.62323
0.80427,0.19573
0.49975,0.50025
0.2962,0.7038
0.37904,0.62096
0.42501,0.57499
0.78449,0.21551
0.43042,0.56958
0.43502,0.56498
0.68648,0.31352
0.42472,0.57528
0.52623,0.47377
0.23138,0.76862
0.52982,0.47018
0.71132,0.28868
0.71518,0.28482
0.39611,0.60389
0.40109,0.59891
0.71353,0.28647
0.66298,0.33702
0.80621,0.19379
0.32869,0.67131
0.74227,0.25773
0.43053,0.56947
0.56806,0.43194
0.32662,0.67338
0.73738,0.26262
0.6414,0.3586
0.36014,0.63986
0.64985,0.35015
0.66116,0.33884
0.57138,0.42862
0.27796,0.72204
0.65871,0.34129
0.46849,0.53151
0.42079,0.57921
0.37473,0.62527
0.56796,0.43204
0.43874,0.56126
0.36167,0.63833
0.53362,0.46638
0.21423,0.78577
0.46936,0.53064
0.61514,0.38486
0.62331,0.37669
0.49672,0.50328
0.40638,0.59362
0.21577,0.78423
0.82468,0.17532
0.4556,0.5444
0.55084,0.44916
0.3609,0.6391
0.68455,0.31545
0.84942,0.15058
0.38215,0.61785
0.74341,0.25659
0.56771,0.43229
0.44878,0.55122
0.27656,0.72344
0.47622,0.52378
0.60357,0.39643
0.43505,0.56495
0.47557,0.52443
0.81742,0.18258
0.73555,0.26445
0.52793,0.47207
0.43583,0.56417
0.35378,0.64622
0.48469,0.51531
0.1802,0.8198
0.54553,0.45447
0.47129,0.52871
0.46566,0.53434
0.3816,0.6184
0.36711,0.63289
0.67459,0.32541
0.35862,0.64138
0.70717,0.29283
0.47961,0.52039
0.66895,0.33105
0.39416,0.60584
0.49002,0.50998
0.61358,0.38642
0.34587,0.65413
0.47327,0.52673
0.39106,0.60894
0.39207,0.60793
0.49226,0.50774
0.72157,0.27843
0.8127,0.1873
0.33238,0.66762
0.75282,0.24718
0.36277,0.63723
0.38508,0.61492
0.39997,0.60003
0.59427,0.40573
0.58749,0.41251
0.55275,0.44725
0.56008,0.43992
0.31198,0.68802
0.60269,0.39731
0.49539,0.50461
0.5013,0.4987
0.73493,0.26507
0.3464,0.6536
0.43712,0.56288
0.44024,0.55976
0.5003,0.4997
0.66469,0.33531
0.2154,0.7846
0.31447,0.68553
0.67354,0.32646
0.3453,0.6547
0.69557,0.30443
0.58485,0.41515
0.52378,0.47622
0.58124,0.41876
0.50208,0.49792
0.38544,0.61456
0.74351,0.25649
0.54305,0.45695
0.51412,0.48588
0.36351,0.63649
0.32831,0.67169
0.27812,0.72188
0.54547,0.45453
0.35311,0.64689
0.16216,0.83784
0.66357,0.33643
0.5527,0.4473
0.37243,0.62757
0.52623,0.47377
0.50354,0.49646
0.23032,0.76968
0.4329,0.5671
0.59879,0.40121
0.46776,0.53224
0.41091,0.58909
0.57904,0.42096
0.58697,0.41303
0.59183,0.40817
0.26466,0.73534
0.48864,0.51136
0.50305,0.49695
0.56903,0.43097
0.75205,0.24795
0.62643,0.37357
0.47782,0.52218
0.45931,0.54069
0.73097,0.26903
0.45478,0.54522
0.45391,0.54609
0.37347,0.62653
0.54176,0.45824
0.47841,0.52159
0.30448,0.69552
0.65308,0.34692
0.56321,0.43679
0.47435,0.52565
0.31136,0.68864
0.79201,0.20799
0.39584,0.60416
0.59678,0.40322
0.6441,0.3559
0.35852,0.64148
0.78586,0.21414
0.54537,0.45463
0.4236,0.5764
0.65645,0.34355
0.56211,0.43789
0.38256,0.61744
0.58543,0.41457
0.61454,0.38546
0.2941,0.7059
0.63299,0.36701
0.37177,0.62823
0.21467,0.78533
0.44926,0.55074
0.69902,0.30098
0.61358,0.38642
0.45612,0.54388
0.5223,0.4777
0.38978,0.61022
0.4447,0.5553
0.50682,0.49318
0.18965,0.81035
0.19745,0.80255
0.60869,0.39131
0.35619,0.64381
0.59098,0.40902
0.54682,0.45318
0.67391,0.32609
0.52403,0.47597
0.81122,0.18878
0.48662,0.51338
0.42653,0.57347
0.77299,0.22701
0.60116,0.39884
0.77561,0.22439
0.41453,0.58547
0.64825,0.35175
0.69137,0.30863
0.61995,0.38005
0.65855,0.34145
0.74583,0.25417
0.78152,0.21848
0.61032,0.38968
0.57023,0.42977
0.54489,0.45511
0.4109,0.5891
0.28938,0.71062
0.49825,0.50175
0.74523,0.25477
0.43123,0.56877
0.44154,0.55846
0.56674,0.43326
0.48631,0.51369
0.2303,0.7697
0.68973,0.31027
0.3922,0.6078
0.44463,0.55537
0.27479,0.72521
0.70203,0.29797
0.6268,0.3732
0.29699,0.70301
0.3822,0.6178
0.26026,0.73974
0.30741,0.69259
0.60093,0.39907
0.79698,0.20302
0.20499,0.79501
0.40179,0.59821
0.60349,0.39651
0.63817,0.36183
0.42712,0.57288
0.62583,0.37417
0.38349,0.61651
0.58522,0.41478
0.30056,0.69944
0.3221,0.6779
0.36775,0.63225
0.28361,0.71639
0.57272,0.42728
0.42807,0.57193
0.27245,0.72755
0.22512,0.77488
0.41406,0.58594
0.38424,0.61576
0.51048,0.48952
0.62681,0.37319
0.52168,0.47832
0.43662,0.56338
0.48172,0.51828
0.73074,0.26926
0.49897,0.50103
0.37327,0.62673
0.80567,0.19433
0.62845,0.37155
0.72202,0.27798
0.49883,0.50117
0.22312,0.77688
0.55022,0.44978
0.39353,0.60647
0.6844,0.3156
0.57328,0.42672
0.36868,0.63132
0.64861,0.35139
0.52314,0.47686
0.7157,0.2843
0.45248,0.54752
0.35236,0.64764
0.80727,0.19273
0.75787,0.24213
0.55518,0.44482
0.64447,0.35553
0.49808,0.50192
0.68194,0.31806
0.66492,0.33508
0.5909,0.4091
0.7437,0.2563
0.5088,0.4912
0.55722,0.44278
0.40831,0.59169
0.3566,0.6434
0.44384,0.55616
0.72641,0.27359
0.78459,0.21541
0.43774,0.56226
0.68919,0.31081
0.63924,0.36076
0.36077,0.63923
0.6641,0.3359
0.54891,0.45109
0.45957,0.54043
0.79397,0.20603
0.51544,0.48456
0.58803,0.41197
0.29666,0.70334
0.16302,0.83698
0.54174,0.45826
0.34615,0.65385
0.48032,0.51968
0.37088,0.62912
0.23087,0.76913
0.23376,0.76624
0.48641,0.51359
0.61208,0.38792
0.35802,0.64198
0.43395,0.56605
0.52981,0.47019
0.74613,0.25387
0.62269,0.37731
0.51932,0.48068
0.43128,0.56872
0.3948,0.6052
0.71817,0.28183
0.24909,0.75091
0.68136,0.31864
0.28551,0.71449
0.55949,0.44051
0.45382,0.54618
0.57004,0.42996
0.73459,0.26541
0.70403,0.29597
0.75077,0.24923
0.72297,0.27703
0.62077,0.37923
0.50729,0.49271
0.72834,0.27166
0.64531,0.35469
0.71769,0.28231
0.69172,0.30828
0.31594,0.68406
0.77337,0.22663
0.52897,0.47103
0.58978,0.41022
0.66246,0.33754
0.84312,0.15688
0.69166,0.30834
0.43796,0.56204
0.58854,0.41146
0.71178,0.28822
0.81094,0.18906
0.28333,0.71667
0.23175,0.76825
0.56635,0.43365
0.34528,0.65472
0.5513,0.4487
0.38628,0.61372
0.52243,0.47757
0.3638,0.6362
0.33753,0.66247
0.55544,0.44456
0.28238,0.71762
0.50741,0.49259
0.5417,0.4583
0.36386,0.63614
0.27621,0.72379
0.71587,0.28413
0.6019,0.3981
0.4827,0.5173
0.5308,0.4692
0.43953,0.56047
0.72184,0.27816
0.69177,0.30823
0.51248,0.48752
0.50345,0.49655
0.45131,0.54869
0.46316,0.53684
0.28927,0.71073
0.23785,0.76215
0.54085,0.45915
0.48558,0.51442
0.65171,0.34829
0.57438,0.42562
0.40707,0.59293
0.45956,0.54044
0.15677,0.84323
0.37899,0.62101
0.31544,0.68456
0.29701,0.70299
0.51816,0.48184
0.44591,0.55409
0.50246,0.49754
0.43399,0.56601
0.53733,0.46267
0.51875,0.48125
0.76262,0.23738
0.29973,0.70027
0.30081,0.69919
0.48561,0.51439
0.61008,0.38992
0.76502,0.23498
0.23036,0.76964
0.59844,0.40156
0.30642,0.69358
0.19807,0.80193
0.6559,0.3441
0.49184,0.50816
0.20884,0.79116
0.43138,0.56862
0.77971,0.22029
0.43319,0.56681
0.53549,0.46451
0.47835,0.52165
0.65309,0.34691
0.39784,0.60216
0.62555,0.37445
0.22539,0.77461
0.58474,0.41526
0.60071,0.39929
0.36733,0.63267
0.37679,0.62321
0.635,0.365
0.47492,0.52508
0.62339,0.37661
0.65679,0.34321
0.51248,0.48752
0.5305,0.4695
0.67646,0.32354
0.7486,0.2514
0.53915,0.46085
0.74431,0.25569
0.60889,0.39111
0.3078,0.6922
0.80061,0.19939
0.42187,0.57813
0.17525,0.82475
0.45536,0.54464
0.54474,0.45526
0.49602,0.50398
0.41683,0.58317
0.519,0.481
0.30998,0.69002
0.60006,0.39994
0.49919,0.50081
0.58812,0.41188
0.45716,0.54284
0.67264,0.32736
0.61895,0.38105
0.72301,0.27699
0.29248,0.70752
0.30815,0.69185
0.47544,0.52456
0.7048,0.2952
0.78504,0.21496
0.28968,0.71032
0.32637,0.67363
0.44366,0.55634
0.30191,0.69809
0.27849,0.72151
0.58729,0.41271
0.34868,0.65132
0.61933,0.38067
0.24444,0.75556
0.57935,0.42065
0.52877,0.47123
0.52909,0.47091
0.62337,0.37663
0.67352,0.32648
0.78392,0.21608
0.29171,0.70829
0.48888,0.51112
0.45998,0.54002
0.63815,0.36185
0.46566,0.53434
0.30183,0.69817
0.44391,0.55609
0.46634,0.53366
0.67658,0.32342
0.61155,0.38845
0.48607,0.51393
0.45591,0.54409
0.60559,0.39441
0.74943,0.25057
0.40035,0.59965
0.42631,0.57369
0.65361,0.34639
0.52091,0.47909
0.4598,0.5402
0.49934,0.50066
0.42006,0.57994
0.17597,0.82403
0.60998,0.39002
0.44878,0.55122
0.35256,0.64744
0.69091,0.30909
0.61151,0.38849
0.74762,0.25238
0.53488,0.46512
0.49252,0.50748
0.794,0.206
0.28181,0.71819
0.45546,0.54454
0.8035,0.1965
0.49431,0.50569
0.47001,0.52999
0.32069,0.67931
0.32436,0.67564
0.64599,0.35401
0.33724,0.66276
0.37434,0.62566
0.4643,0.5357
0.49396,0.50604
0.37544,0.62456
0.52713,0.47287
0.69522,0.30478
0.70484,0.29516
0.73297,0.26703
0.62419,0.37581
0.75686,0.24314
0.49019,0.50981
0.73039,0.26961
0.51369,0.48631
0.62934,0.37066
0.6356,0.3644
0.60917,0.39083
0.15457,0.84543
0.31283,0.68717
0.52441,0.47559
0.28524,0.71476
0.70136,0.29864
0.41358,0.58642
0.77267,0.22733
0.65946,0.34054
0.64383,0.35617
0.17121,0.82879
0.64075,0.35925
0.70315,0.29685
0.52488,0.47512
0.76539,0.23461
0.35119,0.64881
0.63246,0.36754
0.6484,0.3516
0.57341,0.42659
0.71181,0.28819
0.52339,0.47661
0.30464,0.69536
0.44551,0.55449
0.46,0.54
0.31826,0.68174
0.82028,0.17972
0.62058,0.37942
0.54569,0.45431
0.81452,0.18548
0.53025,0.46975
0.41642,0.58358
0.36235,0.63765
0.65538,0.34462
0.6288,0.3712
0.42097,0.57903
0.63173,0.36827
0.48683,0.51317
0.70316,0.29684
0.27499,0.72501
0.64843,0.35157
0.53151,0.46849
0.68824,0.31176
0.75788,0.24212
0.26687,0.73313
0.33165,0.66835
0.63423,0.36577
0.77977,0.22023
0.69995,0.30005
0.40707,0.59293
0.23475,0.76525
0.38822,0.61178
0.6215,0.3785
0.24607,0.75393
0.35267,0.64733
0.50933,0.49067
0.71652,0.28348
0.56287,0.43713
0.55111,0.44889
0.5294,0.4706
0.34197,0.65803
0.28201,0.71799
0.52189,0.47811
0.55755,0.44245
0.43211,0.56789
0.56782,0.43218
0.79873,0.20127
0.52987,0.47013
0.63439,0.36561
0.43615,0.56385
0.52649,0.47351
0.38294,0.61706
0.59958,0.40042
0.55569,0.44431
0.31186,0.68814
0.54842,0.45158
0.44468,0.55532
0.28744,0.71256
0.44735,0.55265
0.68703,0.31297
0.74726,0.25274
0.52093,0.47907
0.19469,0.80531
0.39313,0.60687
0.8074,0.1926
0.21515,0.78485
0.79935,0.20065
0.51185,0.48815
0.73083,0.26917
0.57607,0.42393
0.53367,0.46633
0.5791,0.4209
0.78463,0.21537
0.56655,0.43345
0.514,0.486
0.77813,0.22187
0.54565,0.45435
0.51965,0.48035
0.25693,0.74307
0.46495,0.53505
0.49888,0.50112
0.5776,0.4224
0.34488,0.65512
0.36012,0.63988
0.43251,0.56749
0.45578,0.54422
0.53517,0.46483
0.56372,0.43628
0.3629,0.6371
0.44026,0.55974
0.29329,0.70671
0.5775,0.4225
0.73185,0.26815
0.78795,0.21205
0.56964,0.43036
0.53664,0.46336
0.55879,0.44121
0.49743,0.50257
0.56197,0.43803
0.42759,0.57241
0.56041,0.43959
0.29541,0.70459
0.32907,0.67093
0.63733,0.36267
0.37213,0.62787
0.61369,0.38631
0.43416,0.56584
0.69725,0.30275
0.5165,0.4835
0.22669,0.77331
0.62542,0.37458
0.50918,0.49082
0.26208,0.73792
0.60063,0.39937
0.84949,0.15051
0.71189,0.28811
0.53434,0.46566
0.63979,0.36021
0.52801,0.47199
0.64026,0.35974
0.32217,0.67783
0.60891,0.39109
0.53743,0.46257
0.48374,0.51626
0.70863,0.29137
0.49911,0.50089
0.51634,0.48366
0.56832,0.43168
0.53235,0.46765
0.34334,0.65666
0.35986,0.64014
0.55215,0.44785
0.45878,0.54122
0.19375,0.80625
0.42789,0.57211
0.22616,0.77384
0.35598,0.64402
0.45407,0.54593
0.31069,0.68931
0.2915,0.7085
0.23691,0.76309
0.53454,0.46546
0.466,0.534
0.72552,0.27448
0.81999,0.18001
0.58629,0.41371
0.49952,0.50048
0.28214,0.71786
0.52026,0.47974
0.65364,0.34636
0.39567,0.60433
0.39417,0.60583
0.16702,0.83298
0.66027,0.33973
0.4739,0.5261
0.61215,0.38785
0.41497,0.58503
0.20289,0.79711
0.45156,0.54844
0.30311,0.69689
0.70318,0.29682
0.21351,0.78649
0.78842,0.21158
0.57176,0.42824
0.48511,0.51489
0.44485,0.55515
0.5747,0.4253
0.32929,0.67071
0.23607,0.76393
0.36108,0.63892
0.36613,0.63387
0.32106,0.67894
0.2699,0.7301
0.4431,0.5569
0.41741,0.58259
0.48395,0.51605
0.75373,0.24627
0.58048,0.41952
0.39547,0.60453
0.67627,0.32373
0.36383,0.63617
0.71988,0.28012
0.48188,0.51812
0.62784,0.37216
0.40631,0.59369
0.26667,0.73333
0.75998,0.24002
0.43383,0.56617
0.71405,0.28595
0.51049,0.48951
0.57509,0.42491
0.45275,0.54725
0.62681,0.37319
0.32426,0.67574
0.55086,0.44914
0.6158,0.3842
0.42209,0.57791
0.34336,0.65664
0.5259,0.4741
0.63748,0.36252
0.49267,0.50733
0.6887,0.3113
0.44877,0.55123
0.6573,0.3427
0.44293,0.55707
0.6165,0.3835
0.18381,0.81619
0.80613,0.19387
0.54903,0.45097
0.73775,0.26225
0.577,0.423
0.78369,0.21631
0.6153,0.3847
0.53157,0.46843
0.44851,0.55149
0.4629,0.5371
0.52536,0.47464
0.44569,0.55431
0.63747,0.36253
0.44195,0.55805
0.33049,0.66951
0.65318,0.34682
0.68452,0.31548
0.25361,0.74639
0.48489,0.51511
0.71224,0.28776
0.37019,0.62981
0.49537,0.50463
0.41804,0.58196
0.59563,0.40437
0.53337,0.46663
0.6792,0.3208
0.66986,0.33014
0.58786,0.41214
0.55988,0.44012
0.64164,0.35836
0.56994,0.43006
0.32406,0.67594
0.30071,0.69929
0.48579,0.51421
0.34547,0.65453
0.53803,0.46197
0.2494,0.7506
0.4267,0.5733
0.53048,0.46952
0.3849,0.6151
0.47776,0.52224
0.35088,0.64912
0.79438,0.20562
0.41378,0.58622
0.2527,0.7473
0.36963,0.63037
0.49242,0.50758
0.53815,0.46185
0.65372,0.34628
0.396,0.604
0.22182,0.77818
0.57558,0.42442
0.66936,0.33064
0.62949,0.37051
0.49945,0.50055
0.43239,0.56761
0.33284,0.66716
0.3311,0.6689
0.65284,0.34716
0.53203,0.46797
0.46475,0.53525
0.32587,0.67413
0.62211,0.37789
0.70035,0.29965
0.60151,0.39849
0.64031,0.35969
0.72409,0.27591
0.51137,0.48863
0.42617,0.57383
0.76517,0.23483
0.48738,0.51262
0.5162,0.4838
0.67818,0.32182
0.50558,0.49442
0.4614,0.5386
0.61518,0.38482
0.15486,0.84514
0.58188,0.41812
0.76442,0.23558
0.40101,0.59899
0.38731,0.61269
0.51129,0.48871
0.7282,0.2718
0.52289,0.47711
0.41075,0.58925
0.24444,0.75556
0.29181,0.70819
0.63931,0.36069
0.79225,0.20775
0.67563,0.32437
0.73832,0.26168
0.151,0.849
0.3703,0.6297
0.31574,0.68426
0.38255,0.61745
0.58886,0.41114
0.50338,0.49662
0.51834,0.48166
0.5422,0.4578
0.45077,0.54923
0.32716,0.67284
0.6396,0.3604
0.36744,0.63256
0.55464,0.44536
0.56827,0.43173
0.29745,0.70255
0.72102,0.27898
0.69129,0.30871
0.50199,0.49801
0.3196,0.6804
0.6453,0.3547
0.3233,0.6767
0.41137,0.58863
0.72483,0.27517
0.48654,0.51346
0.34427,0.65573
0.40783,0.59217
0.45411,0.54589
0.44262,0.55738
0.34443,0.65557
0.5574,0.4426
0.6077,0.3923
0.34423,0.65577
0.57014,0.42986
0.6023,0.3977
0.64664,0.35336
0.40975,0.59025
0.25166,0.74834
0.67027,0.32973
0.30951,0.69049
0.76205,0.23795
0.60953,0.39047
0.4297,0.5703
0.46316,0.53684
0.69069,0.30931
0.4808,0.5192
0.35763,0.64237
0.68439,0.31561
0.51809,0.48191
0.55141,0.44859
0.53778,0.46222
0.29588,0.70412
0.5248,0.4752
0.43329,0.56671
0.38265,0.61735
0.30298,0.69702
0.53731,0.46269
0.43994,0.56006
0.51765,0.48235
0.5266,0.4734
0.68395,0.31605
0.80708,0.19292
0.31824,0.68176
0.62826,0.37174
0.45068,0.54932
0.47997,0.52003
0.28581,0.71419
0.4017,0.5983
0.26274,0.73726
0.65114,0.34886
0.59067,0.40933
0.3115,0.6885
0.75443,0.24557
0.73888,0.26112
0.26754,0.73246
0.62456,0.37544
0.49138,0.50862
0.32053,0.67947
0.48758,0.51242
0.29313,0.70687
0.69631,0.30369
0.6591,0.3409
0.62364,0.37636
0.76657,0.23343
0.48765,0.51235
0.53974,0.46026
0.77503,0.22497
0.33512,0.66488
0.364,0.636
0.34322,0.65678
0.74453,0.25547
0.38931,0.61069
0.4336,0.5664
0.50407,0.49593
0.69105,0.30895
0.53486,0.46514
0.48173,0.51827
0.31332,0.68668
0.61156,0.38844
0.22371,0.77629
0.37302,0.62698
0.23531,0.76469
0.70986,0.29014
0.35718,0.64282
0.66826,0.33174
0.47057,0.52943
0.78453,0.21547
0.71721,0.28279
0.72874,0.27126
0.39696,0.60304
0.55113,0.44887
0.57217,0.42783
0.84327,0.15673
0.42257,0.57743
0.16921,0.83079
0.44026,0.55974
0.71569,0.28431
0.47665,0.52335
0.49644,0.50356
0.51087,0.48913
0.41293,0.58707
0.74414,0.25586
0.4384,0.5616
0.59928,0.40072
0.25263,0.74737
0.24443,0.75557
0.36493,0.63507
0.68821,0.31179
0.69529,0.30471
0.65708,0.34292
0.46517,0.53483
0.30955,0.69045
0.48198,0.51802
0.55213,0.44787
0.33492,0.66508
0.5427,0.4573
0.31227,0.68773
0.17692,0.82308
0.49053,0.50947
0.52556,0.47444
0.3797,0.6203
